221 54 519 1582
73 1590 138 0
68 147 642 757
927 1241 969 0
1164 345 599 215
343 354 716 0
789 1133 426 1546
1597 320 1350 0
443 713 854 443
178 602 643 0
111 482 501 491
978 61 628 0
106 253 856 0
93 75 1242 0
1338 198 0 0
848 305 554 158
489 550 1338 0
1419 1164 1612 0
1402 1017 245 1232
839 1330 1066 116
358 90 517 1602
352 1307 120 0
1067 152 126 0
953 140 681 0
1464 1036 723 0
1597 822 73 1162
943 1601 443 0
676 923 788 0
0 1123 425 127
792 1 144 0
18 1203 1121 0
1597 969 1218 0
1026 223 431 1467
979 969 762 823
847 514 587 1123
1551 797 1480 1033
405 109 215 0
0 1148 813 1232
75 1232 1143 1241
7 89 57 599
1303 238 1066 0
772 1241 1599 0
676 818 814 0
109 466 73 847
209 121 29 0
367 1232 198 1052
75 1519 1445 0
20 0 75 0
14 1026 592 124
94 91 1080 0
971 654 762 0
552 249 1296 0
77 286 602 0
573 897 628 0
562 872 1564 0
1471 517 345 1261
479 152 856 0
118 1241 213 1464
1089 1194 882 60
1334 1307 671 0
1597 916 1228 913
202 48 431 716
182 1096 1494 316
886 265 0 0
116 1241 1228 0
886 1114 152 0
1419 633 847 0
1251 1521 670 401
762 1303 676 0
0 7 55 0
1347 202 574 910
793 191 202 75
85 1590 1206 0
663 1289 84 0
61 749 882 486
515 68 1026 0
252 1313 57 384
590 1597 1232 1135
2 1466 1246 386
90 412 792 1206
676 99 197 1069
823 50 99 334
1376 1261 178 0
1501 183 1173 75
164 10 99 1317
1052 514 238 90
447 779 1364 1521
1107 1613 326 123
1484 1211 905 252
757 756 497 90
206 26 1173 0
642 856 1612 1144
1241 97 1327 0
659 1123 652 1044
976 1241 633 367
766 1091 1246 0
70 212 643 85
128 427 0 0
905 75 664 1386
2 712 1329 0
834 121 151 1199
411 1505 1463 560
199 1241 1463 134
976 991 308 125
838 263 738 0
1501 1531 215 1303
976 553 0 0
508 128 1369 0
126 708 215 0
1052 756 145 1056
668 269 1509 0
994 127 70 996
753 3 687 0
966 1308 674 0
882 1323 856 75
1232 152 164 0
912 218 1262 383
1066 1058 824 0
286 904 1058 505
783 75 423 663
241 102 1578 0
1118 1240 0 0
772 3 125 0
215 445 1589 1016
1315 104 538 0
10 612 716 726
128 227 109 715
80 152 18 0
1257 517 1409 348
1246 453 1540 0
0 1451 436 1241
1402 712 37 6
1213 277 1041 0
1232 691 1061 1114
1461 1467 539 10
65 221 754 0
153 186 303 913
2 1164 514 0
354 1517 1240 0
126 1334 976 0
839 966 25 0
547 1481 552 80
934 1054 790 167
213 1241 788 0
424 514 426 0
882 1063 1603 0
1402 731 305 668
826 496 670 0
286 1303 1265 0
497 1058 1179 256
1419 881 0 0
517 785 1496 0
788 120 427 0
1238 73 169 1137
88 1247 79 0
574 66 367 0
444 1199 202 0
1273 166 832 240
913 606 126 519
1500 37 252 254
217 175 141 1500
905 1470 61 0
1056 79 1213 843
223 464 1131 171
307 514 891 0
419 647 1470 152
128 1564 549 504
171 88 398 160
1303 1139 712 1564
1251 847 0 0
13 511 789 0
462 1242 138 0
152 1241 1173 0
14 514 1089 0
110 1477 312 0
969 680 520 0
1252 1276 942 979
76 120 0 0
1199 140 595 0
1126 88 0 0
773 427 10 0
1148 102 1269 0
238 708 147 731
75 113 1248 218
0 76 991 805
349 96 1346 73
104 10 1242 0
465 1251 75 0
53 218 84 1419
146 974 599 0
1499 474 1374 1509
88 1374 386 0
599 1468 1242 0
305 1565 292 0
1114 1058 1431 305
849 102 308 1265
95 1058 976 165
245 74 357 0
1123 773 279 435
10 102 0 986
423 1241 497 0
1494 38 624 238
1609 1597 245 1265
1338 422 1302 0
837 73 1241 0
246 1265 0 0
187 1009 897 197
805 202 425 0
16 1246 20 0
900 816 88 0
174 1164 1246 687
1041 121 1028 0
305 1419 1148 1573
628 734 1231 0
1004 20 0 0
839 1344 1193 0
935 643 308 1265
95 1232 573 0
497 1058 253 1016
1077 1474 1614 0
212 1256 687 426
423 921 357 126
92 805 7 0
1501 1114 1464 123
1114 1438 234 212
848 517 1033 676
1257 766 85 0
1178 54 0 0
1143 1241 207 0
61 1446 0 0
1402 1402 1533 0
29 1586 1518 852
997 941 1045 1072
84 902 144 0
255 1501 213 722
1173 1039 116 1480
1247 12 31 861
314 1067 663 0
1551 1231 1066 254
1501 1142 608 0
18 1363 185 0
836 70 788 0
868 1139 250 0
1143 211 221 0
836 514 0 595
746 1480 301 704
966 1265 341 0
669 1085 698 0
1540 685 0 1089
870 819 1095 414
1338 870 668 1366
1469 743 286 1070
238 1232 90 0
1309 474 1540 252
1213 1244 140 79
514 848 1241 0
878 491 367 0
60 628 308 0
1530 1143 1552 1248
1032 250 1231 970
681 780 789 17
7 1178 384 206
981 940 182 814
599 1241 1376 0
1141 1183 1530 1234
859 171 517 0
92 1164 514 1070
1386 889 1129 152
0 886 12 212
144 537 643 0
350 508 800 0
1246 83 218 1123
485 1080 1461 0
1228 1241 10 0
887 467 1451 746
884 398 178 1232
80 1247 436 0
1292 676 435 0
819 1241 1070 0
670 27 1420 0
595 1355 121 350
743 1383 341 76
71 234 110 1241
1457 539 905 0
126 1552 1100 0
110 743 1118 0
1457 435 795 147
590 198 86 85
435 505 716 346
0 676 663 0
252 1188 0 0
85 683 966 0
681 1581 1206 896
61 931 0 0
740 1078 893 0
175 1016 221 217
1303 1519 699 0
805 1304 976 0
1446 1278 164 0
178 514 1540 0
245 532 1096 837
174 759 0 0
1133 1293 0 0
663 437 121 13
599 1241 50 118
1334 1565 202 0
848 1164 132 1107
128 195 923 0
305 831 935 0
217 1241 1056 102
141 519 427 889
1077 1260 212 0
350 1441 1014 0
60 1241 174 0
0 682 1317 0
1241 223 532 587
969 1217 121 756
1066 1164 969 60
73 7 0 0
792 1242 406 0
55 1232 1265 573
751 402 691 508
746 1323 622 0
891 1329 352 0
1275 1228 202 0
76 1241 1088 676
405 1096 891 1077
757 696 1016 0
676 968 663 582
16 227 1143 0
1066 426 0 14
846 978 126 1386
514 491 0 0
1014 1448 185 276
935 522 5 117
17 805 865 0
1143 705 1257 436
1409 14 966 1080
138 1551 526 74
1080 1582 1143 0
127 75 1019 502
1451 1554 125 792
436 1602 1162 0
1451 882 912 0
1241 734 890 0
185 193 1135 26
1321 1464 627 0
1162 792 152 1286
986 632 710 0
0 670 111 0
848 855 1246 0
670 1344 790 1344
482 1241 1143 0
1304 12 389 0
123 12 772 75
1228 1070 29 0
1338 144 670 0
209 848 1315 0
0 76 1295 235
1522 599 0 0
722 1164 0 0
1599 1121 253 0
252 1489 91 1463
786 841 1258 762
981 582 847 0
423 75 169 1164
1344 813 1414 93
1107 1196 76 0
1080 221 1499 1391
501 945 491 772
329 124 1397 0
212 1401 1014 0
50 869 75 1540
1315 1246 1089 291
12 67 1337 1523
704 1010 618 508
960 1275 70 0
782 296 1143 0
1251 219 788 0
555 1553 0 0
238 902 30 0
1241 1252 1107 187
127 659 935 0
305 1205 1599 0
1559 1208 1522 0
14 158 124 0
1166 1116 5 411
1 738 138 839
1223 414 1565 1321
1344 324 1016 0
1407 514 0 0
560 1107 1107 206
714 41 254 0
642 1161 1599 1241
245 1033 1107 0
1595 472 746 1454
79 1582 393 0
1241 1158 1241 0
347 704 85 0
870 763 668 0
1501 1232 152 174
1213 269 960 514
767 1241 305 0
94 1096 218 1246
1125 1063 343 0
696 140 169 107
54 245 215 17
303 1107 56 0
352 893 0 152
834 525 1146 976
279 699 230 1582
1330 87 411 0
981 1602 348 805
872 219 1467 1153
206 133 187 58
935 1241 68 411
1338 1492 1058 0
89 1276 1541 0
776 1331 61 929
1468 1241 800 0
1246 514 916 301
182 1468 882 0
1107 514 301 0
104 29 505 0
690 444 491 1258
152 1266 447 25
1056 537 747 1303
912 22 1061 0
1206 50 169 0
1269 1248 1605 1261
660 1241 905 0
189 1052 480 0
1303 1012 1036 436
13 0 0 0
485 7 1353 0
212 1246 288 537
86 969 1246 0
305 1224 144 0
1540 346 0 0
628 74 1241 0
1265 887 158 158
1516 1123 174 1376
599 514 85 0
530 1241 663 1129
55 632 50 0
13 1158 344 0
1291 122 1083 1259
217 966 140 0
846 1338 690 0
1232 166 125 1517
1061 1072 305 0
116 708 20 0
12 1330 1304 1268
198 1607 86 1162
8 590 1326 230
1513 708 1408 285
643 886 1330 0
0 8 89 0
1067 1299 550 0
155 1016 813 0
1056 849 1238 0
133 722 788 0
971 1150 932 0
1461 496 1350 0
1 680 1516 0
1123 943 891 0
1241 1250 92 0
18 279 800 0
57 338 1127 1311
367 453 110 668
171 1 343 0
1114 1241 75 971
169 790 1586 0
848 13 517 0
1251 76 75 590
1070 12 1041 435
826 1228 0 0
1301 85 61 0
1066 45 1089 178
869 73 1036 778
521 17 1463 1560
1348 1164 960 0
599 824 505 856
165 1148 1123 1072
1213 1450 0 0
997 1419 407 125
222 1143 1158 305
58 1231 691 0
1159 95 1126 0
90 1242 1357 307
426 1126 56 0
575 17 146 1597
29 544 178 75
1080 1582 1206 1582
1005 1565 514 539
734 1369 1241 0
1172 24 121 252
1042 94 75 20
790 10 301 0
548 1463 0 0
423 1542 39 552
206 1467 1241 443
846 1045 93 0
1152 1246 222 88
514 293 126 0
979 126 848 0
55 337 175 235
1107 73 505 0
892 595 1228 519
1540 348 691 337
587 970 960 42
988 1374 144 0
495 141 16 1507
1523 869 1582 969
350 1014 169 0
929 773 1582 0
133 140 1 0
65 1241 584 1218
1540 230 1426 0
71 348 7 252
1077 76 676 659
792 428 1226 0
1162 217 890 38
1143 90 1090 235
1126 1453 1467 1105
1006 305 1265 1291
186 674 1301 1245
848 1222 73 0
71 1293 0 0
55 151 839 1206
856 97 1376 0
496 869 830 0
886 1246 0 0
505 849 415 73
1501 290 3 966
942 801 80 0
30 1258 504 0
85 1246 826 0
1269 831 1107 0
1066 1296 0 0
904 642 128 0
90 112 703 1066
350 645 1468 158
206 1239 0 0
743 1304 583 810
215 592 1187 1378
53 1394 54 0
259 1187 128 0
36 521 456 0
70 1416 913 125
144 116 941 75
50 1334 814 1241
352 1241 912 0
682 1139 118 1241
73 1452 93 0
84 1494 1531 70
1107 124 722 0
1386 1215 187 436
872 1390 505 964
1164 17 682 0
514 1059 517 1241
7 361 18 0
352 461 175 788
1551 1549 1240 935
671 1510 663 0
79 320 88 0
527 652 1350 95
95 27 847 345
1449 1325 374 555
543 238 1241 214
30 497 14 0
872 1241 681 0
279 897 372 0
1334 435 1123 222
912 1265 846 222
102 70 872 0
1545 1482 87 0
927 174 147 0
57 759 1303 7
14 367 1066 0
367 1586 214 514
1016 252 0 0
590 50 602 268
599 75 395 172
1143 393 169 599
1023 217 269 0
779 1066 54 870
826 1098 350 0
144 517 1129 1232
872 1455 104 367
514 1153 1397 0
1241 1546 800 1026
882 10 238 0
1582 932 18 0
696 792 1246 350
547 70 172 670
1517 626 699 886
73 1246 125 128
1052 792 117 0
213 773 978 0
213 234 843 320
1308 1227 58 14
215 144 1386 0
346 737 121 458
897 981 1187 238
1471 168 1023 0
1304 1342 193 0
1304 1241 75 854
690 821 1066 0
872 1274 1123 1228
1234 711 912 1397
1137 75 1304 593
1070 307 776 106
978 1228 1172 0
657 101 1599 1058
1328 534 0 0
826 155 175 1246
458 680 952 0
666 1414 633 0
214 532 1135 63
788 348 14 0
1016 1070 1397 1061
990 1602 215 0
169 117 1143 547
1213 1042 426 1028
1315 1240 0 0
905 847 1546 0
770 1240 1582 171
2 981 1074 890
0 663 1153 878
696 942 721 0
1409 1612 860 0
937 1232 0 0
1480 1241 1456 0
1241 763 308 134
1059 1246 482 317
1542 1380 7 1153
1207 1026 1516 1251
227 745 182 1338
56 504 539 0
1036 305 760 1275
138 514 927 0
1364 1524 508 532
71 704 813 0
209 316 0 0
1014 668 1551 0
122 311 1443 1251
86 1467 1540 1143
583 13 846 1391
691 1468 80 0
1213 1241 423 257
26 579 75 1228
54 192 670 14
1463 848 12 0
881 1164 164 0
539 824 14 0
25 1251 1302 0
1051 637 505 515
48 50 991 0
367 359 212 186
1516 1399 138 0
905 676 824 0
1165 1241 16 0
79 1241 0 1334
1162 1052 882 579
245 1559 1232 764
668 73 352 0
978 274 140 1581
521 966 1066 0
1546 12 6 57
1310 1252 1273 0
1241 1178 882 0
211 1341 701 1199
212 1599 127 75
419 238 1571 169
789 508 37 854
60 1138 0 0
122 1232 212 0
894 926 912 37
514 689 0 912
912 521 1026 337
1045 215 107 1141
1330 1241 792 0
185 1491 665 1173
75 1362 1513 0
8 590 1253 0
897 380 1419 1599
164 1411 1077 630
1402 95 703 0
1201 0 1251 0
206 1246 1115 0
144 971 1148 878
1338 1426 1446 572
1241 1394 698 0
1107 1241 387 0
17 714 1480 0
10 1063 1291 0
502 140 1613 0
225 15 667 1509
291 1303 587 1231
1126 782 1241 1045
1107 16 894 0
1467 583 1329 0
722 3 1164 126
345 1017 286 212
169 761 542 92
1438 161 246 0
213 1164 138 121
343 1145 554 234
80 1008 122 109
1513 744 1020 17
54 124 1213 48
692 56 0 0
782 924 1334 0
681 773 69 0
61 1306 1551 403
1419 514 58 158
367 1495 515 0
305 50 321 0
86 1261 37 1241
1265 1265 102 0
0 99 544 1268
424 900 1530 427
1540 930 1218 158
482 1152 214 1470
155 1444 423 824
127 1154 0 0
497 17 1517 0
138 1602 1368 0
308 1119 106 58
940 1492 1121 0
656 651 721 0
73 1204 1255 0
567 50 0 0
619 305 1334 1419
221 413 291 0
117 0 92 1463
952 1612 0 0
1588 1337 1388 350
1144 1564 1033 1096
836 443 329 839
539 473 1564 431
497 1524 1366 1565
354 1107 1228 0
18 1246 1551 241
58 971 111 1315
26 1252 337 0
1315 676 0 8
1241 1306 753 544
54 801 0 0
897 274 1058 574
23 1556 788 0
1143 1257 123 1268
206 1464 75 152
342 1265 986 0
123 1219 138 1135
1037 1241 792 0
357 1143 1612 508
517 469 1231 0
514 1419 1300 252
600 136 0 0
123 676 714 124
1047 91 286 0
773 75 1077 1052
1540 12 1026 272
405 598 1334 0
767 758 305 431
257 368 978 1241
954 485 37 0
1273 12 89 1338
1603 1265 79 0
198 895 427 1500
13 587 92 16
303 30 431 1251
17 1386 772 0
1241 215 971 0
286 265 1585 0
55 13 760 87
1126 92 234 0
106 1241 158 0
1245 713 602 80
1551 209 187 0
75 146 1251 0
20 1112 251 1232
206 1127 87 0
1045 1201 837 0
1325 722 559 1113
152 480 0 0
1045 435 329 133
849 1241 86 502
245 152 1164 1241
144 1241 900 0
846 1323 1496 0
171 1531 419 1241
238 756 493 0
1129 99 341 25
663 151 13 0
216 65 1464 1251
49 1224 1333 663
1348 649 1303 238
1602 214 1564 1126
1123 853 0 0
337 727 0 0
1530 175 1583 0
8 268 0 0
1344 1164 0 0
756 1316 670 0
385 739 124 245
447 173 482 508
575 743 1036 1241
227 836 138 0
1086 532 1314 1528
1232 133 9 126
221 1240 1551 70
411 1159 682 813
514 1045 960 1412
202 1301 1598 792
1065 479 933 0
86 1206 133 352
1241 514 16 3
1014 277 1308 1402
882 772 2 0
964 202 202 997
151 214 1261 531
1148 320 1201 60
1149 1136 1246 0
48 1500 904 253
670 1265 515 1137
987 599 125 0
169 839 506 1008
426 792 496 0
60 1462 1273 1597
29 1251 1143 0
1540 419 850 0
29 1599 1241 158
141 354 847 0
846 514 158 25
308 445 1164 1233
1172 756 350 1338
1155 1232 0 0
198 1119 841 213
1226 850 367 971
1251 712 0 0
90 788 1370 121
1303 1463 1080 0
839 73 107 0
1376 214 1089 0
1597 447 144 0
1218 602 539 514
839 869 1 0
663 663 1150 1232
305 119 966 0
676 642 384 1248
240 1103 544 1340
18 979 1344 73
756 1152 1258 367
1 539 1501 0
1604 1158 126 0
1126 152 104 1063
933 172 836 0
979 1099 0 144
839 602 0 0
712 869 1397 0
213 565 12 539
1066 1241 789 7
670 227 152 238
1058 161 886 846
125 532 29 0
1376 1521 514 0
1344 1307 1418 1250
832 1597 1019 0
289 73 988 0
0 133 847 0
80 1235 79 0
1143 151 904 125
839 760 305 0
1107 806 532 482
1056 1464 1224 0
48 853 88 0
270 1336 579 0
1419 762 0 0
16 99 966 1603
343 1507 1085 301
171 773 1173 61
123 746 841 15
1376 1241 555 663
1041 1247 405 0
1376 1080 443 215
514 241 174 0
1334 272 517 1079
894 569 14 0
1089 1025 1517 0
73 1072 1303 0
1045 100 971 682
57 1164 65 0
20 1328 424 0
212 1411 632 0
1540 935 1052 1031
0 0 981 882
86 1467 97 1137
79 258 73 1066
215 981 882 0
1228 1112 515 1241
942 515 1187 0
1302 756 556 988
54 841 1376 1477
54 1323 1375 140
971 363 760 0
415 120 1246 0
633 75 1075 384
1188 1175 1329 1246
1172 904 1258 367
51 1244 1241 0
343 1129 1232 0
447 106 939 1232
670 257 354 0
1297 1246 704 0
1459 524 92 1323
1273 441 1434 1603
935 642 140 579
88 1531 1089 0
1151 70 632 0
29 152 95 0
1241 1489 792 0
307 966 1080 0
289 1277 301 18
895 53 1376 50
682 534 247 0
897 803 155 0
343 1187 0 1228
98 473 562 1037
691 1464 531 0
897 1528 110 0
104 514 649 0
1126 421 1386 30
57 171 1531 0
1540 560 668 0
1435 1266 428 227
894 461 0 0
121 227 0 0
743 274 1066 199
126 99 0 0
1457 517 1234 126
696 419 109 912
29 301 1241 1304
687 514 1574 0
1517 1147 676 0
1 337 1331 814
997 1525 1280 0
1603 1338 1501 431
1496 1199 1463 75
182 1164 193 0
84 538 57 0
89 1079 1144 99
669 1038 0 0
425 1449 1012 385
1602 112 1227 117
1203 57 1218 348
424 106 1501 1241
1517 61 739 0
808 775 848 140
14 841 1338 0
696 675 1077 1232
550 846 301 0
505 1590 735 0
198 943 787 318
222 1149 1179 0
357 169 1402 29
75 848 124 0
978 1549 187 0
1341 979 642 73
436 435 831 0
1291 1592 988 0
1213 120 1336 0
1231 94 110 1325
1411 847 71 0
54 75 60 3
94 331 491 0
8 1326 891 0
29 24 1023 0
2 1603 1573 0
925 375 0 0
1495 1228 0 0
38 792 1241 0
89 1241 514 0
214 1241 10 1588
491 1246 599 0
1265 1160 1114 0
599 1464 757 158
1338 990 1364 0
116 1 676 539
127 856 461 0
1114 323 2 0
1303 867 991 140
0 0 61 0
897 45 839 0
1045 99 232 7
111 446 514 37
179 793 1327 213
1463 344 1386 1480
916 988 897 60
401 274 698 0
687 609 1241 0
123 419 8 0
682 612 803 0
1307 884 1179 106
980 773 517 842
1257 223 247 337
209 195 1376 0
668 1077 792 0
125 1325 971 0
547 158 616 0
1033 506 1386 1056
343 932 1375 13
354 80 0 0
753 1582 701 578
514 670 246 0
186 1112 303 0
0 1334 869 0
1480 681 152 0
247 79 555 900
111 991 988 0
13 1265 1613 0
54 158 428 154
1265 1246 301 0
505 708 696 989
0 413 668 1540
1019 940 246 1516
367 1343 0 0
905 839 0 0
350 75 8 1565
1107 1495 174 0
783 1022 1058 411
514 886 168 1213
1464 262 0 0
912 1137 756 605
1291 121 203 0
792 1164 367 0
48 476 150 171
218 1407 0 0
935 1495 209 869
1338 152 25 122
206 1258 856 0
222 1302 1232 3
50 1241 0 0
276 572 288 1096
8 964 0 0
1246 1556 1232 0
127 1565 17 0
301 1035 1265 61
88 547 1077 1206
178 1241 207 121
359 959 16 508
913 198 1613 971
90 593 525 1135
165 103 191 537
214 282 175 849
1329 337 1242 0
29 1054 1597 1257
1397 1099 1459 1197
0 253 280 1
152 547 971 839
897 7 1206 10
152 676 1114 0
971 317 80 0
122 1612 1033 0
1061 51 195 1501
722 84 99 1344
10 1176 127 0
670 514 0 0
122 746 670 127
1246 1232 79 0
552 1188 1148 0
704 1178 0 0
55 788 0 0
590 393 54 55
1143 1179 573 1468
126 823 757 0
682 555 1058 367
308 1338 976 1058
788 1516 1258 1067
514 514 186 0
1242 652 517 99
127 198 1256 670
1540 10 80 1241
668 1246 1241 777
7 183 125 1386
1066 1130 37 1516
206 905 277 178
979 1464 0 0
1251 1041 0 0
599 1241 1054 1231
722 1241 37 670
118 1431 1008 443
212 742 183 120
367 915 1121 1265
508 144 1241 0
99 140 1300 447
18 73 1319 0
138 459 1143 608
13 859 1107 819
0 1251 1325 0
444 674 1604 94
1241 181 461 0
905 525 593 214
712 171 628 1588
180 1255 674 0
2 520 451 0
521 1565 547 1338
213 10 424 0
1346 75 0 172
1077 1546 322 0
541 8 1070 514
1257 1464 1338 75
95 997 367 762
1409 73 685 342
1043 344 80 0
668 1052 504 517
126 912 1334 0
716 1386 85 0
1016 491 0 0
303 1141 1500 1338
1129 1308 602 1241
102 1165 279 0
94 1464 116 1232
952 804 1451 0
435 1467 386 1086
127 510 12 0
514 1246 1480 848
1513 1477 1228 50
1045 1053 754 887
234 1338 0 0
1501 1463 88 0
1232 683 50 0
487 1232 87 0
8 1331 954 0
628 1338 789 0
1480 161 1201 0
375 1153 411 301
670 753 88 0
109 900 701 26
865 1162 979 847
367 76 1047 0
856 586 384 0
913 757 788 0
1242 210 352 0
504 839 1008 0
1164 636 303 301
64 1219 712 485
1549 1232 0 0
5 14 1241 0
935 461 1067 193
111 1241 574 0
846 1228 61 0
1077 168 886 514
13 206 1213 792
199 341 1242 814
279 757 54 0
1376 1114 1418 550
1164 1342 1167 708
634 280 1204 0
897 0 0 856
1213 1604 1114 0
1026 7 305 94
905 1450 1257 0
375 1364 29 0
274 1353 0 0
508 560 341 12
121 1499 164 192
1177 1086 663 120
1517 1438 29 210
183 753 344 1304
280 205 10 520
1070 1471 61 0
71 464 86 1560
979 605 1164 0
55 856 514 0
1392 652 1403 988
286 136 941 17
608 792 0 0
198 1609 1453 0
938 1265 346 0
1471 305 171 0
900 1246 1164 1463
48 1199 1232 0
900 1265 76 0
848 218 942 0
1036 337 93 0
1126 911 0 0
988 1153 75 0
182 675 25 0
212 87 424 0
2 676 0 0
1073 1077 75 0
89 205 198 126
856 1241 73 0
1070 1 0 279
1521 75 152 238
668 1409 417 1488
209 205 227 1376
3 1544 487 707
14 431 1597 681
71 49 1412 435
54 152 582 0
25 1374 0 0
826 28 1444 435
60 701 214 0
1232 1135 1107 0
0 848 215 1035
1451 1247 1241 0
110 436 555 212
75 337 696 0
16 943 428 0
102 220 1241 872
410 152 367 0
1513 1098 1466 722
579 748 853 1164
26 1560 234 0
1114 848 308 0
1143 1015 1265 525
981 878 561 1303
308 712 1557 0
1540 414 196 1338
808 524 357 676
1232 856 849 0
1344 76 1461 848
582 932 398 259
1432 1232 20 75
1336 1572 61 1246
29 1528 1457 0
88 1246 320 435
981 317 138 1254
670 655 1251 318
1232 1469 80 202
53 1338 215 152
116 1302 966 0
144 1252 70 75
8 1303 227 0
897 523 0 1530
756 1458 519 0
1269 1270 1480 0
882 426 595 341
846 121 88 837
56 1228 979 1303
279 442 1542 823
1002 1087 0 0
954 1314 1463 0
258 1490 128 87
385 1058 981 0
788 1317 1517 559
20 900 1227 0
979 960 288 337
13 824 1582 343
88 48 253 212
712 818 1244 0
615 1419 514 0
89 1491 1114 0
1530 676 1213 0
628 1123 595 0
126 1467 186 8
56 1058 348 0
514 793 1597 0
905 676 308 238
10 1283 1521 0
1292 1319 18 0
367 855 140 0
1176 319 497 1303
970 1241 834 1143
514 514 848 0
1023 1143 1303 133
87 570 1507 511
517 1252 663 75
367 1474 626 0
859 882 0 0
1402 779 799 0
26 241 1531 0
90 855 1162 0
848 681 971 900
851 1241 482 1107
195 1248 97 0
1114 762 508 0
215 1468 473 1242
1334 510 574 1535
1123 1346 1066 0
1162 1523 361 92
341 396 1266 242
350 75 1143 0
1282 1246 7 1143
1023 552 209 0
873 1164 0 0
482 465 0 0
54 303 1019 0
206 1241 519 0
826 1577 676 73
1019 1004 3 169
229 4 1572 0
51 1242 1272 125
897 859 1127 1470
0 352 435 585
85 1199 18 0
1300 1463 1467 0
485 878 171 0
1293 84 0 0
252 1160 1330 1241
1218 1067 238 0
10 61 0 0
38 1490 1041 1549
124 1464 138 0
1172 414 869 60
1480 1503 1143 0
0 436 1303 1350
252 1516 9 0
1540 160 73 305
1205 936 1500 158
447 371 746 75
1 286 762 0
943 413 1546 0
259 227 1540 0
690 1023 482 1246
0 1241 1241 0
935 623 514 174
1427 16 805 0
212 1499 413 0
966 424 217 0
1213 980 88 1080
18 576 1541 0
411 878 849 981
274 1303 259 487
826 1246 1006 0
904 699 733 1241
536 814 795 0
1114 905 254 0
122 158 1530 0
779 1241 791 0
1451 802 0 0
444 1397 76 0
537 1535 350 0
964 173 140 0
301 1246 1114 0
1089 92 1232 994
541 514 1206 0
1330 53 95 348
981 547 882 1251
753 1255 1143 0
75 1556 417 0
253 1241 882 0
0 0 0 1329
107 583 1481 1123
1 75 431 0
574 1164 0 1
670 1257 943 0
1080 662 188 0
1612 1546 882 0
508 813 189 1480
1228 1530 856 29
1251 329 174 792
991 140 427 0
57 1366 722 0
663 1374 377 0
30 602 120 126
54 12 152 1344
2 819 1241 0
435 1247 599 0
1244 71 0 0
1067 75 87 0
1347 419 1426 152
1148 1344 238 0
0 30 706 792
94 245 18 0
227 1234 48 0
935 979 1573 0
212 1090 1419 0
169 1178 50 0
1037 1246 1026 0
55 912 124 0
186 701 13 1470
76 1232 1 0
1334 304 286 352
593 138 772 514
1202 1172 1269 0
1376 247 869 0
1603 488 122 1552
846 1501 1148 145
55 1162 0 0
258 1145 94 0
979 90 79 0
308 238 0 0
175 1265 254 0
1213 1241 642 981
1330 1112 1581 111
856 512 104 988
1089 305 234 0
1241 73 0 84
882 1201 858 869
485 435 75 1565
1098 245 819 123
1496 140 1088 0
969 1464 595 0
1332 541 13 0
482 1143 1065 0
1257 125 1006 0
411 152 346 1206
682 1207 1347 1206
169 1397 102 0
75 399 1598 257
0 1273 305 897
144 821 1150 0
70 1228 343 0
1437 1338 0 0
178 994 417 0
94 62 222 144
912 1589 797 1484
178 1246 354 0
1599 617 165 1047
1386 140 230 0
1066 870 487 0
303 7 279 1338
35 1363 405 1016
1016 698 1308 1607
602 1241 508 1094
259 627 869 1218
599 564 1330 0
187 346 111 0
1500 514 344 0
1228 517 18 1047
1070 431 897 0
205 180 178 1006
182 848 1107 0
0 0 1213 187
826 1246 222 120
90 1239 126 0
246 847 121 0
1303 130 727 0
1172 1383 814 25
93 1241 1241 882
1317 158 1612 1164
1457 308 10 1149
458 308 76 0
55 13 1114 405
905 128 772 0
1123 566 7 514
169 560 1344 1232
882 169 1251 0
1061 1313 897 1019
599 1228 676 716
1602 1159 627 205
217 839 1252 0
209 813 352 99
61 988 411 1500
1530 152 367 172
969 1164 267 0
716 2 839 0
1026 110 301 443
0 988 1227 848
755 80 485 0
174 656 0 0
976 762 158 138
79 412 0 0
357 75 888 905
1067 882 1121 0
521 140 1544 1228
1376 823 0 0
435 740 945 0
722 1232 149 846
217 30 91 0
1164 1072 1500 1461
1241 1598 1006 0
372 73 1551 1463
1228 205 1602 186
367 461 201 762
458 788 681 1517
532 92 996 109
1153 108 1004 0
753 1295 68 1451
254 1248 566 0
1541 1411 13 0
94 153 30 0
1330 1597 9 0
95 1489 210 75
87 1383 1602 0
1329 788 1457 80
1603 424 0 701
387 853 212 926
1026 1172 676 0
169 598 94 0
869 350 1464 76
0 1469 1241 0
1241 813 573 1246
1206 1085 102 0
1019 787 87 75
202 121 1463 0
2 398 144 73
253 274 891 0
912 1336 187 0
286 948 141 1095
61 814 189 0
117 168 435 0
595 849 1507 882
346 1204 134 0
905 75 368 0
26 1241 140 0
988 966 0 0
75 1407 910 0
981 681 1148 0
913 776 0 0
80 476 1241 0
1451 1466 1530 981
1269 735 341 367
301 520 1339 1023
849 1501 24 663
868 1467 1112 882
92 149 2 92
245 514 514 0
1201 131 940 1247
642 1241 0 0
808 1467 71 0
988 762 230 8
1282 157 247 670
206 121 713 708
89 235 128 1303
1143 107 846 882
133 140 1246 73
53 1377 122 1143
1231 85 0 0
711 1141 411 0
73 1241 86 0
1530 1411 587 1467
1089 1385 1240 0
258 118 519 214
1172 505 214 0
1061 1246 413 0
1143 544 151 1144
847 537 1531 217
385 599 1276 704
872 514 757 0
1006 1469 691 0
1289 1602 286 812
904 630 151 935
744 173 1000 800
215 626 756 1552
826 891 128 126
1451 1467 1330 1602
814 1112 229 0
1172 937 608 0
628 804 1342 0
913 590 753 1402
245 1066 1329 0
704 491 868 202
690 1446 1241 218
859 106 1135 0
56 768 0 8
514 1266 238 0
0 337 1241 1143
12 704 1303 1242
1063 1228 485 0
1203 1241 311 0
1123 696 102 187
1409 431 329 0
30 1133 720 537
1344 811 70 1089
338 1241 0 0
116 1201 989 0
128 383 1342 0
997 1241 713 0
171 1219 1199 1597
73 324 0 0
436 1054 94 0
279 461 587 0
57 16 942 0
196 1327 1257 286
781 305 783 1066
988 1431 1241 739
574 1376 158 126
819 1269 1162 0
676 284 1227 681
847 1077 1409 158
1077 138 2 0
905 514 55 0
385 1241 872 0
14 64 443 254
158 599 882 0
716 1036 1045 85
206 152 1066 1114
85 848 1353 0
560 277 1041 257
186 1241 18 0
1041 525 788 497
26 443 6 123
1344 819 966 0
79 1601 1228 426
1265 1058 1246 95
909 234 0 0
182 110 499 1076
1273 305 1061 1041
670 823 1174 0
663 1012 413 183
491 1501 301 322
436 90 927 0
1530 73 1334 279
1114 1314 670 1041
713 1255 542 0
653 966 431 573
509 1019 221 37
872 848 908 169
1206 1560 1005 472
1551 419 1014 0
18 121 127 0
1056 281 0 0
862 388 1061 1242
1151 1307 813 0
0 188 1241 0
254 259 1565 0
704 701 1251 792
196 1164 1231 0
1089 73 590 1330
308 971 1580 0
84 573 514 0
1026 151 56 61
1213 172 1114 0
913 792 405 0
25 770 1123 0
6 1602 1016 0
1 981 117 0
1150 1100 1507 0
1604 1300 0 0
1218 1058 54 58
165 708 1334 676
1103 1313 1564 560
1376 821 1306 0
451 26 497 0
1023 1289 84 620
172 532 971 1344
186 1330 243 756
245 552 1077 0
75 1303 0 704
259 1037 848 0
808 1399 1451 152
92 527 668 0
109 1065 222 75
1303 1172 642 0
1501 1060 1019 819
1126 1319 1451 1204
1143 85 717 0
1019 675 13 0
508 195 1598 689
1397 732 253 0
329 757 1551 0
385 10 306 1300
976 1052 1273 215
690 343 1308 0
1201 110 856 0
0 1464 514 155
1397 1241 1121 0
1037 621 401 1322
1326 916 860 0
988 1143 1437 1375
20 1208 0 0
804 1467 412 0
921 1176 1237 187
1232 459 1565 0
0 1468 1241 0
969 1241 636 1467
251 1246 1551 0
1269 393 1599 151
174 1362 152 0
1470 879 1380 110
722 813 997 0
1052 549 0 169
779 213 753 0
1047 134 92 0
349 408 1143 716
85 986 1143 633
152 1411 126 0
997 1258 1539 75
1184 140 1530 0
1307 587 253 0
1153 447 1347 1240
1164 1444 93 0
215 125 0 0
222 556 1210 70
573 159 1540 496
206 1106 1233 690
1153 1304 337 84
753 325 1 0
109 1466 187 0
1483 997 1323 151
54 1138 595 1241
1298 1132 1300 1218
461 238 0 0
0 756 7 701
1173 1501 847 0
213 1139 514 92
1464 696 75 0
13 246 241 1241
58 826 1158 0
1023 1037 829 0
562 388 0 0
532 900 981 0
878 1085 1187 0
1246 79 0 0
1086 847 1143 716
1303 217 10 0
367 1291 125 0
1564 1303 1242 517
1480 17 0 0
174 1337 10 680
1603 125 84 0
48 94 0 0
1418 219 60 0
125 614 904 1530
0 1241 1268 773
54 277 836 140
95 87 1070 25
839 819 17 138
244 1241 645 0
1308 305 1420 1067
886 572 1218 532
1176 1412 1149 1484
30 681 10 0
144 240 1126 1107
343 973 1603 0
61 792 969 0
10 1232 235 590
86 99 207 0
856 73 111 221
93 663 215 856
1241 1116 900 236
86 1135 496 0
1338 61 1241 0
234 1500 1517 0
80 644 1470 1251
1114 971 1209 1121
79 1386 1256 0
1445 427 1582 147
1265 1241 29 423
50 98 850 0
1524 483 886 882
29 398 959 17
144 55 0 0
1045 1464 0 0
75 1451 1113 1452
1468 735 515 247
113 138 663 1056
357 304 121 50
117 415 90 0
848 627 411 144
308 610 595 29
94 992 280 22
1045 1291 0 0
788 837 393 487
913 222 1041 0
1179 1505 42 676
84 87 1317 0
367 1531 1026 0
1525 525 1582 1241
1089 960 0 102
18 517 839 0
138 1241 848 0
1246 448 223 1023
61 1232 56 0
663 1365 1471 305
1469 780 0 0
539 12 51 519
491 1597 126 1218
126 1123 502 160
1126 447 1311 367
508 140 157 0
127 537 426 0
1006 151 277 1516
1500 349 593 475
225 882 95 0
640 1231 189 7
1052 1603 539 10
3 683 117 1063
50 1241 393 1239
209 375 102 0
602 1356 1450 0
92 1091 424 0
1375 547 1232 0
1317 1143 2 0
435 511 882 670
55 1392 1315 0
1135 1595 1004 1107
836 1241 1350 343
61 1195 426 0
254 152 350 0
1334 981 329 1455
1614 254 1023 0
329 1325 126 305
23 872 1303 1246
880 99 17 427
1123 87 491 86
448 1263 1521 1300
175 12 883 1035
1143 12 876 0
696 1317 713 200
905 632 0 0
792 246 1072 216
1218 912 65 0
1070 1456 174 0
1123 981 54 0
213 833 872 1231
202 1308 109 0
215 152 722 0
537 1268 788 169
981 1162 485 1265
242 280 1201 0
1033 502 151 16
144 788 147 0
14 1241 780 102
809 1475 287 1199
1451 787 1063 0
125 1419 1089 0
1251 1241 385 0
1 1179 1265 0
1338 200 798 0
1386 954 497 1551
138 1524 101 671
1537 767 497 0
1386 1385 0 0
746 1241 1440 1207
1179 753 187 547
436 219 79 0
367 367 0 212
345 95 1364 0
1241 717 1303 0
514 75 1063 1248
341 140 301 1164
13 428 209 125
1338 1499 1500 1213
560 1284 0 0
252 923 583 53
848 1577 1329 0
147 1077 458 0
305 1565 894 491
54 1391 1331 525
1516 173 1195 891
222 1241 0 0
613 305 1338 0
779 75 183 1231
279 151 1020 0
431 259 826 0
174 1441 164 288
305 461 1045 839
1362 900 120 0
116 1228 1364 0
1143 61 1070 0
525 308 871 0
1037 1327 253 1546
1067 126 527 0
183 847 872 540
56 1241 23 592
221 21 367 913
839 1038 1080 1255
1597 851 254 1251
75 900 771 0
384 158 216 75
122 8 520 1144
17 1325 222 0
221 259 435 152
1089 125 285 350
1206 1393 0 0
0 111 1468 0
1480 905 206 199
1206 15 493 1496
514 1066 772 0
65 696 847 0
9 830 7 0
1603 91 1386 0
491 1080 772 0
1241 1492 1291 0
1467 195 1123 0
663 245 1423 0
980 449 1217 152
997 849 1257 0
574 1260 704 0
988 433 75 0
1273 295 575 164
979 967 80 1241
123 331 329 574
165 169 1123 674
1162 1407 75 0
1016 461 86 681
1080 147 1066 0
1241 1241 75 0
682 1201 290 1238
55 141 1304 1531
26 274 668 0
1126 320 994 0
26 17 165 182
883 635 216 1516
182 1574 124 0
124 689 1507 1248
1246 1133 904 721
117 848 60 0
897 200 57 0
1459 591 1213 1132
1511 350 1251 0
848 1241 1451 165
26 544 431 0
1066 102 138 0
73 164 117 0
56 870 788 1206
1420 701 443 0
301 20 1070 681
839 1464 1172 971
1201 802 29 357
753 1241 1166 75
354 279 1261 0
13 140 746 532
209 55 217 0
704 1407 1500 0
1162 419 1544 1052
426 362 1246 0
212 152 1597 0
180 701 1427 666
247 1533 909 442
1402 988 1530 524
632 751 1397 1246
126 928 75 73
0 0 514 253
1070 514 1364 0
367 1135 90 0
126 1006 8 0
515 280 2 0
1540 593 1203 0
174 305 1258 0
301 253 215 0
935 476 690 127
245 348 431 0
872 99 1241 220
141 1295 1409 448
1241 1451 1056 873
966 979 779 0
75 1011 1590 0
122 1213 981 0
245 238 122 0
676 756 521 598
469 1234 171 0
171 1136 75 0
997 1375 1564 0
696 403 1235 1488
405 514 1464 0
1199 1039 1597 0
1143 160 254 1098
367 367 632 0
363 169 1114 193
1501 882 1228 0
6 232 75 0
1067 691 1246 165
1246 1043 979 254
350 579 1323 846
186 261 1517 0
121 53 447 1005
18 7 1480 0
1588 1081 182 1303
786 1260 165 1409
1386 1251 1055 593
670 1152 598 0
1501 628 106 508
0 116 525 0
1376 1092 56 0
96 976 587 1258
698 73 175 0
532 1037 1581 912
1597 1241 449 99
716 80 1149 753
75 350 514 0
178 1602 1302 0
18 202 0 0
1061 1127 17 55
1037 280 1342 348
848 1291 1495 0
94 1525 788 0
451 1336 171 745
1291 1202 1386 1300
1344 814 1080 0
1308 795 274 0
193 800 155 95
798 423 84 121
691 971 1241 0
419 140 222 0
459 838 976 0
1411 1205 186 0
824 1164 1126 0
481 904 579 56
628 412 1268 1014
182 514 1203 0
602 416 599 95
152 942 1125 0
133 1107 1232 0
214 893 1241 7
104 748 1162 1319
1291 949 1126 813
1123 682 1540 0
266 1587 160 690
424 1241 856 703
1501 1067 1148 0
318 235 2 0
756 1034 419 1058
7 138 84 531
1532 586 1391 0
86 205 216 367
497 411 1451 0
1471 1023 0 93
120 7 341 979
1530 1236 318 0
566 301 683 0
1480 99 868 29
722 1303 56 0
174 179 346 0
259 1334 785 663
127 110 712 0
106 70 1523 1113
1228 110 1094 1525
789 308 816 0
485 238 681 0
61 590 206 12
1291 473 234 0
743 187 152 0
663 333 738 789
1463 1467 1292 668
935 1456 0 0
8 838 1246 120
1041 851 1164 0
491 1241 1265 0
165 1098 712 1338
75 703 1246 0
1568 790 20 0
1173 256 474 209
57 954 1114 153
988 991 1056 1063
1598 755 1273 86
286 928 111 0
1338 666 1469 147
29 295 792 1228
158 1222 1573 667
58 12 1241 0
279 85 0 839
1354 789 1107 0
60 1205 1402 1227
73 1247 1602 0
367 1241 762 0
158 0 599 76
628 482 671 0
1045 329 182 1330
1427 477 733 92
212 1296 869 0
1135 231 648 0
1409 152 494 1241
152 1537 0 0
549 110 1350 75
54 75 1376 0
158 1391 75 51
870 1109 776 0
1411 1085 1080 0
1107 398 424 938
94 1241 367 0
1516 563 0 0
1303 1308 257 1461
839 206 682 0
75 207 142 1252
900 10 1603 1241
1586 1246 1173 1446
1218 1308 1376 0
966 847 202 0
1397 704 808 0
599 472 138 0
247 916 847 0
1089 497 126 0
79 171 872 0
1303 1540 537 286
1241 1246 13 0
274 1042 117 0
1006 920 521 209
123 532 350 1304
1540 1308 1126 93
88 1063 690 0
826 546 221 0
337 1138 76 0
17 514 886 443
882 514 1023 976
252 1276 320 128
1203 90 792 127
247 1304 426 1540
14 344 0 0
935 75 0 0
1173 583 510 676
70 971 1246 0
109 89 936 0
548 1135 1431 0
1206 80 1126 0
165 13 256 151
826 1006 183 0
144 1097 837 0
935 1257 671 971
128 218 221 158
152 1565 1164 0
0 259 1096 0
935 871 193 0
716 213 1344 0
912 1 0 0
126 1601 1420 0
259 399 1304 0
1468 1031 1315 0
1077 708 491 1612
1540 487 1551 0
1041 1080 25 0
147 940 1488 0
8 247 1303 1129
1014 757 716 0
236 1464 500 767
92 1337 762 0
756 520 971 991
95 238 1241 668
196 1524 639 0
1173 1366 1304 7
848 253 1602 0
94 75 213 876
141 54 1603 663
1206 1364 563 537
690 712 687 0
756 821 353 1546
1257 1061 668 663
1269 1164 124 1376
1501 165 1280 151
670 202 419 0
674 839 221 0
979 1246 76 0
670 0 141 218
1578 954 171 0
50 1551 1300 79
482 217 1347 277
171 1315 1149 978
1162 1251 1446 1552
426 980 55 1172
1603 1188 1451 60
1423 253 305 106
1480 1241 674 0
1143 915 559 61
1126 1041 960 0
1265 169 1201 0
73 121 1235 1597
542 971 1258 0
1241 1257 50 0
1053 13 126 435
0 16 1188 0
329 474 399 1107
599 152 617 1164
386 701 53 1411
1400 213 411 0
1471 514 0 0
1159 1096 1580 1251
856 1019 595 0
912 796 367 0
681 183 676 1334
1180 1350 425 1394
1300 238 186 0
499 717 1535 564
964 720 102 0
1517 1338 341 595
1114 1467 116 84
1213 177 0 966
26 52 1143 0
1164 1265 514 0
545 398 1344 86
1469 1483 129 546
209 158 1467 1352
913 1241 1493 0
1501 358 60 0
1232 1291 1338 1441
788 602 102 0
681 564 624 0
357 1149 125 0
633 268 1251 38
764 612 514 0
1316 68 361 75
435 1044 632 80
1143 1076 95 0
676 1356 1113 1037
541 808 537 166
405 1114 994 0
1500 1034 1494 0
682 358 599 0
1089 1413 151 79
1376 26 1063 1254
85 94 897 0
1149 966 792 628
1334 1185 1257 0
8 745 330 1033
1501 165 1138 0
71 1246 106 61
779 871 1123 53
99 753 275 912
717 1246 218 981
1126 1164 1114 53
165 606 54 1023
1501 24 1202 164
1 90 574 174
171 10 517 350
1513 9 788 0
1105 1228 198 1516
1241 711 1127 508
253 240 75 1300
1 9 882 0
1273 520 0 0
53 1232 111 1597
116 515 824 515
1463 106 169 0
305 13 1329 762
1206 1529 124 0
1386 253 1530 0
886 1268 743 951
599 1606 0 0
138 1601 1291 257
630 1565 1206 0
491 573 1517 0
566 854 1059 168
247 272 367 89
779 274 683 1300
61 514 0 0
1080 1172 1540 882
748 1369 1026 713
182 234 0 0
666 94 95 75
676 1241 642 253
29 632 0 0
1462 1330 14 0
61 813 839 436
1612 436 1218 1066
8 878 377 247
85 56 87 171
1228 1325 1344 1174
913 505 1139 0
1304 1470 1564 0
231 117 251 0
1480 75 1273 701
1172 967 1066 994
30 767 1282 0
602 202 184 0
1141 1298 429 0
128 552 483 0
868 95 935 1601
1344 1241 87 1300
1231 372 574 0
600 75 238 0
259 872 1257 1172
910 292 1257 1107
87 1193 8 0
839 841 109 0
965 485 978 0
152 1257 1204 75
111 75 99 599
521 1114 254 1565
234 856 988 0
0 75 1598 92
680 440 997 251
308 1315 76 0
1114 92 7 80
1160 29 1463 0
755 254 144 0
1014 1081 0 0
1241 357 524 0
126 37 1515 483
367 80 58 0
1244 732 57 897
127 772 1334 847
215 1119 1564 0
1241 687 1612 0
359 2 128 75
2 152 386 73
0 1330 1246 339
95 1307 599 0
16 687 0 0
25 694 253 0
272 448 1066 0
127 666 1550 0
1077 1097 1041 1047
215 1496 676 0
1501 831 206 121
443 1464 1080 0
375 652 341 1107
95 552 819 0
870 1252 12 682
171 120 0 0
525 769 29 1329
1521 1067 14 152
251 1129 212 772
1304 996 89 426
1524 570 279 848
80 1507 1260 1265
13 1397 967 1038
1107 705 212 53
171 1035 0 0
415 443 541 0
514 0 746 0
839 138 572 0
1344 251 1334 424
846 762 183 0
58 1582 1143 0
102 517 1114 0
517 1564 1118 0
76 960 1350 1228
701 447 0 0
58 1178 13 0
1524 1507 171 206
987 30 1303 0
354 1374 587 0
87 980 20 0
794 1323 1566 165
80 23 1308 0
943 221 1241 0
1540 33 1014 171
846 1470 514 126
796 861 269 0
1225 1164 0 0
1552 562 251 0
165 17 342 787
1265 753 424 0
841 1257 497 164
1455 25 118 704
735 388 1187 152
670 1246 1045 1241
514 510 0 0
93 1251 178 0
1517 251 550 0
549 723 1164 0
568 411 682 1603
1065 676 209 0
107 483 542 169
1241 707 1098 187
111 560 109 87
823 808 1273 0
164 229 482 1273
1045 367 595 1342
755 758 458 0
0 1201 317 746
1072 162 80 175
988 93 286 0
75 1184 981 202
30 343 756 0
133 869 0 0
599 825 1241 971
1461 668 12 350
716 1235 1116 1088
111 1223 789 839
1201 390 13 304
496 687 579 0
1098 1241 257 1602
1241 574 209 49
238 350 48 0
1468 1241 171 0
1023 1241 0 0
808 1241 0 7
966 1329 9 0
87 880 1056 847
856 337 1513 0
118 846 762 0
252 91 127 1251
1597 90 1344 0
882 953 171 0
1338 487 1161 772
1041 1384 1232 99
183 238 790 0
212 733 1383 1565
1008 537 1342 0
0 118 253 172
1376 1104 614 1228
1023 600 912 117
978 850 905 0
1257 824 199 783
756 1007 165 254
85 1077 1555 1303
1463 1246 1291 856
213 1544 423 0
3 202 1172 1008
978 651 406 329
183 1065 0 0
891 465 0 0
555 912 1269 1246
133 75 659 435
107 1370 91 0
1495 253 800 1242
238 1474 1188 0
1316 86 1530 1185
554 165 0 0
938 1006 730 0
1500 57 1070 1206
1265 706 1499 84
79 1464 150 1143
39 669 1374 144
1242 1246 17 0
65 809 1342 1409
602 359 235 403
1232 1241 997 912
435 900 981 0
343 837 1114 0
1603 237 905 158
341 716 592 126
701 706 326 124
1415 846 0 0
1540 1099 1602 437
1123 215 178 0
743 892 587 114
1070 75 337 1019
61 75 1338 75
1517 1315 126 0
88 1089 1201 821
1158 809 1334 1070
54 1232 55 0
238 111 117 165
174 681 238 0
1402 1449 242 431
1513 155 663 0
517 1509 0 0
0 789 152 0
65 208 187 0
1376 986 492 0
517 107 350 0
92 894 79 1218
1480 990 519 0
1006 413 209 0
1457 966 423 0
1213 1148 1138 0
1158 309 1515 1241
1331 789 905 1338
94 981 0 0
245 75 1500 0
259 1425 0 0
116 253 1209 1070
424 1023 125 1213
690 1232 1463 0
20 86 621 1045
329 285 0 0
0 704 1246 306
164 140 586 0
813 301 1135 7
1381 1600 690 0
628 871 615 0
687 435 526 1599
187 491 54 0
978 277 1499 1516
1 890 1375 13
92 1588 79 1164
127 1295 0 0
505 151 419 1267
174 169 202 116
436 585 1334 0
808 1246 1075 0
48 1241 1143 0
223 1014 71 0
182 1334 352 0
424 1580 960 241
1273 504 144 0
605 826 969 0
424 515 75 73
1207 121 0 0
599 971 846 0
0 16 1246 345
750 1129 1070 0
1241 1232 75 1019
0 685 1164 352
676 1547 1199 0
1070 1246 966 0
223 1251 73 10
266 1231 1149 0
209 790 1083 1241
386 213 846 0
1132 514 739 0
1026 1363 1077 1434
1530 862 301 847
1019 152 178 0
57 1143 988 206
872 688 971 0
1437 359 1343 1545
1206 94 3 0
1480 151 1202 75
1162 859 111 0
821 277 1228 0
1402 1241 663 215
976 1241 560 0
789 1478 350 172
215 501 1315 0
813 350 301 256
1241 1141 1077 532
14 1045 1540 1265
989 1499 305 0
954 76 1334 0
981 805 1126 1338
337 1106 79 87
469 403 514 281
1338 126 1241 0
1067 341 1052 1599
186 50 10 0
812 12 247 1330
1329 1336 915 1063
79 848 1114 104
414 851 0 0
54 1247 514 1036
1500 394 1172 0
347 1522 147 73
206 519 93 0
10 1164 1045 0
514 425 286 0
676 88 1179 0
1246 646 1176 70
458 514 121 0
1206 224 90 0
541 367 245 968
515 580 140 722
86 1009 1241 88
1603 411 235 1436
385 235 1118 1540
164 556 1241 1391
0 974 552 344
375 140 991 1085
789 1336 1307 1463
497 1070 12 1228
1240 1253 6 0
0 517 645 138
517 1518 1530 158
1077 1464 1187 517
579 762 0 0
1338 517 329 0
1565 1190 0 0
491 1571 50 897
701 346 158 0
75 911 1464 0
1063 1193 1603 73
73 625 77 0
85 1466 144 0
1597 1107 187 579
209 1143 1199 0
127 292 963 0
1325 514 1319 1246
696 754 538 1206
431 1076 213 1143
865 158 1139 1585
301 514 0 0
95 900 1123 259
125 969 1484 0
8 301 1251 0
979 99 193 0
682 1330 1531 0
0 95 1246 0
206 1304 88 0
668 1315 1174 1241
575 410 94 0
51 514 175 1291
887 627 1135 0
1251 979 674 0
93 274 643 0
13 989 0 12
1517 1455 94 0
912 792 75 14
1094 944 1411 0
1080 727 235 1359
183 478 0 0
411 548 1172 981
335 1246 514 1241
1246 341 686 841
779 583 997 0
1540 1231 1337 17
1232 626 107 222
61 1232 7 352
1172 1338 1463 367
1461 283 537 696
690 1603 1315 1374
590 1596 837 1513
971 1204 1231 0
872 847 13 0
367 1137 891 0
435 803 1597 0
86 152 1420 0
3 935 1493 697
308 805 1213 0
138 942 29 0
897 655 704 0
943 435 15 0
698 1077 256 12
73 1248 152 0
90 1241 872 0
994 779 55 0
935 659 687 889
0 1480 859 1077
552 1317 1045 839
344 667 576 1059
1246 747 574 525
29 1058 338 1045
1517 708 1467 171
1530 1265 1263 0
405 1132 850 0
846 238 1467 0
579 1366 1085 0
117 1467 1500 1325
1207 95 966 13
1206 1010 1480 1241
1058 880 642 0
1419 1565 94 0
1196 165 887 882
547 790 1167 544
25 192 6 573
960 1489 1570 716
51 1593 886 0
279 913 792 1107
912 539 0 0
231 1252 1246 345
102 455 206 435
1550 1241 202 0
234 971 788 118
56 152 303 171
716 368 144 60
1273 1402 981 0
583 73 158 792
1577 187 6 0
94 557 1143 0
54 485 1213 56
405 408 122 0
269 849 782 257
757 1581 133 847
55 487 152 1035
1390 732 1304 1164
1530 824 1531 491
73 111 826 48
1327 96 658 133
411 305 547 0
257 572 29 1250
753 1427 178 655
1376 869 126 1344
8 544 1597 0
82 207 774 0
712 847 127 943
907 320 81 670
872 1300 90 1251
670 1070 748 1289
539 344 525 0
979 1261 687 0
485 494 61 0
1338 631 1232 1467
216 829 1376 1
212 1265 648 55
1308 274 95 75
389 971 0 0
106 1341 846 393
899 151 1530 846
133 1266 302 1265
426 1526 599 0
346 972 0 0
124 514 0 0
1307 1566 196 1126
712 165 345 99
935 249 746 285
20 1390 102 0
1338 663 0 386
743 13 415 0
1006 720 0 0
218 172 978 50
804 219 707 1074
1257 1303 1086 1
1251 1066 994 691
75 593 1218 805
897 539 245 0
0 510 1304 712
274 158 54 1581
1597 30 55 1542
564 381 169 1265
1246 1334 1308 1304
75 402 48 0
1577 1143 1478 0
1303 165 0 0
454 1148 505 247
663 158 539 1455
1206 514 1507 1041
350 993 435 0
152 1164 927 0
910 330 0 0
882 1513 789 0
1126 346 0 0
1232 172 0 0
482 1540 367 517
1339 1503 935 390
921 198 424 696
0 1123 668 138
125 1467 701 158
1 971 0 0
514 870 1045 0
60 491 872 0
575 443 235 0
1094 423 529 158
519 1359 79 886
133 1437 1207 0
1252 608 279 29
87 957 1052 165
1540 756 110 1207
897 480 0 206
202 419 1409 1386
616 232 0 0
599 537 184 1517
138 626 1467 1158
1516 45 133 0
913 1480 1551 0
517 1307 1 0
1603 587 1602 966
1308 583 435 128
846 969 1077 0
663 587 269 0
978 1241 550 0
259 1337 796 0
405 1052 1031 1273
158 437 322 897
800 805 1126 0
1041 1464 0 0
1 708 1096 1419
92 823 935 238
183 1136 847 0
1492 359 159 151
246 437 266 894
981 514 0 0
65 158 849 1597
1517 1546 1162 1045
138 615 0 0
0 1143 1241 0
1291 696 1035 1474
386 48 350 1080
836 1061 0 0
122 814 1160 0
111 7 1500 753
933 329 912 0
86 1112 563 0
2 338 301 913
1228 1241 368 0
1338 1300 75 1300
1414 676 932 0
668 1246 109 0
1052 52 0 0
1307 989 1257 75
720 1287 690 0
1244 76 1358 121
152 94 348 0
1045 172 1241 593
56 271 1246 0
747 529 385 487
308 14 981 0
966 1517 1344 0
642 121 1513 0
1386 1158 1026 199
0 839 508 214
382 1164 888 0
1070 152 253 0
20 182 80 0
1077 247 1213 542
57 1303 1206 0
86 343 128 519
345 50 411 305
1213 971 158 0
583 189 215 0
152 1114 1241 125
1201 869 902 1402
848 1474 805 0
415 1300 1242 1116
443 566 491 0
1089 1143 1376 1241
426 1547 491 0
223 525 1386 1206
1451 381 1213 305
690 631 1164 691
905 66 1265 0
1329 1419 53 433
839 1565 1552 0
0 116 89 367
1048 1242 0 0
668 1582 368 116
425 1028 106 128
0 88 929 0
649 874 1391 1386
891 1066 514 0
1560 589 774 151
256 517 426 0
71 1308 505 0
1603 1344 253 235
753 373 668 0
213 286 518 0
856 1272 886 0
76 216 1241 497
1409 1244 1067 253
90 869 1187 169
1056 1241 862 1232
1080 307 1243 0
913 1014 1207 0
722 701 0 0
1540 990 305 29
244 152 1517 0
1089 626 619 134
1516 1241 1253 0
1480 1308 1337 1246
140 658 182 1419
54 663 911 50
1338 147 0 0
17 1055 997 1079
1083 620 1610 757
426 1241 1164 0
1241 792 109 0
847 732 1446 882
1241 212 1228 0
1056 532 257 49
1530 1372 407 289
870 371 1114 676
848 979 60 0
1374 1017 1519 0
76 117 1080 0
210 362 680 1524
86 916 128 238
221 79 0 0
308 704 29 0
127 656 905 505
8 445 905 169
303 1602 599 0
122 62 1275 1085
1273 1241 202 0
54 856 2 0
254 70 872 0
126 202 120 0
447 681 151 1201
788 1467 602 602
848 482 525 0
241 1135 15 75
75 85 0 0
79 1308 1480 837
212 847 1419 102
1603 152 634 80
1365 164 1265 0
519 1410 0 0
155 628 1218 1228
1077 16 75 0
51 1587 1257 0
1218 1127 1598 760
215 1464 1251 0
14 348 1488 0
95 1467 1037 95
126 1507 7 597
1303 517 824 0
1329 708 788 704
1300 1461 71 75
1114 48 1375 1274
61 1560 1158 481
1480 435 111 0
303 514 1328 75
663 192 1530 837
1143 227 209 868
88 453 1291 514
1019 742 206 414
227 1158 1055 1340
212 73 1496 75
713 265 247 0
499 563 583 1338
870 1062 254 0
1364 427 405 0
681 362 644 0
1143 1058 314 0
223 107 0 0
663 712 849 102
1017 537 61 0
152 671 1308 1269
981 960 99 0
213 1119 165 0
1411 1260 85 352
1327 1265 109 0
1002 514 0 0
0 756 1337 1014
7 1248 0 0
1258 1387 107 0
1066 701 519 522
320 487 1463 1056
1251 1009 789 0
1089 1258 1463 0
123 1241 202 0
1501 1193 300 663
1060 375 1201 0
991 1152 1174 1228
1 155 221 1153
913 1459 1572 504
1463 1253 1251 84
118 960 241 0
746 1227 1213 1565
417 357 633 386
126 1252 668 90
49 749 301 322
715 189 424 1295
122 126 1451 435
17 91 0 152
214 813 1061 0
206 931 1257 859
3 1449 1552 1203
849 1464 424 0
1517 689 1500 626
0 61 1261 256
257 68 136 1058
436 215 209 317
411 971 0 0
1241 221 1045 0
0 642 890 882
1172 875 10 10
367 1162 251 0
1376 123 359 1061
1179 849 870 216
147 1530 419 0
1 793 10 0
788 1464 57 7
1338 790 1241 0
212 1016 1094 0
886 615 839 0
95 519 183 0
158 1548 350 152
245 1596 913 1036
138 306 0 0
826 864 1148 0
979 274 54 0
76 847 462 0
112 435 714 605
94 1303 1530 0
0 125 1241 198
14 923 80 0
131 152 618 813
352 80 0 0
202 421 1130 1370
18 1158 780 1179
1242 75 841 0
1419 521 642 1246
1265 1162 1164 502
85 348 23 0
443 193 485 0
205 672 122 73
964 537 916 0
968 1152 458 0
147 1453 152 1063
50 107 1202 73
1517 308 1023 847
1389 636 539 165
1540 1467 189 0
117 1206 238 0
0 514 399 70
87 424 757 0
80 609 670 1241
1193 1597 13 0
158 1578 1123 1149
1077 61 1056 1206
905 1089 172 0
76 138 676 48
636 139 1575 704
25 345 0 0
1043 1464 93 1041
690 1258 579 337
426 951 0 0
779 1315 1431 1303
106 201 485 10
1246 1477 667 669
206 1241 0 0
772 198 0 0
109 756 1075 121
1265 1457 633 0
579 932 685 839
254 367 856 0
3 987 1321 0
58 57 238 235
872 1164 910 1045
1375 969 0 0
1203 110 670 0
117 867 141 221
1126 446 969 0
800 865 1228 0
140 121 1173 1172
1201 1171 149 0
1451 668 209 0
872 121 61 910
169 680 565 1463
1244 1602 138 75
92 1140 352 73
1597 1251 505 0
20 839 944 0
1315 971 1374 559
0 1409 1597 1257
1350 354 1500 0
1055 173 663 505
1484 1241 1462 0
207 428 800 1016
846 869 411 256
904 1408 1255 1480
92 1451 551 55
821 153 354 1241
1409 517 836 0
994 1058 1341 847
1023 272 1481 1605
251 511 87 0
57 1119 206 0
583 305 212 121
87 1201 189 1265
1501 1238 670 0
58 1226 426 0
436 1261 1205 0
26 206 1236 404
1061 165 165 912
286 961 966 90
259 121 722 0
599 798 514 79
514 206 0 0
0 1252 138 286
1480 792 872 0
489 1602 183 590
1344 1014 1469 0
972 198 275 1559
303 48 16 0
254 522 0 0
482 696 1054 1080
1269 325 1607 0
252 847 1480 0
245 849 886 0
1058 1328 514 0
599 1488 30 0
1338 1245 0 0
682 841 916 171
16 1345 722 1303
165 75 847 0
1494 474 801 227
1532 485 0 602
1334 1463 1464 25
753 212 731 0
739 1241 515 0
329 1218 247 0
423 905 1540 703
192 245 1602 124
1273 1173 386 1159
663 1345 0 0
259 202 1463 485
691 411 351 0
106 1149 1077 0
202 461 20 0
158 92 1039 0
691 756 206 121
721 1375 1241 1041
756 1162 1304 701
127 856 13 0
1048 1135 753 60
424 343 1352 1483
813 971 583 0
917 50 1597 0
870 869 17 0
424 1218 73 599
187 955 0 0
476 354 0 0
0 1066 5 8
976 427 125 1302
1239 50 574 0
643 1308 1041 14
731 238 689 0
271 99 1311 1531
842 992 31 916
789 1059 1410 0
511 367 642 813
178 108 1241 1480
92 102 424 0
912 1084 1587 0
221 938 18 75
574 1433 282 628
712 152 1201 0
435 1177 186 0
1480 1556 712 120
1386 309 75 0
56 915 73 1391
1386 370 0 0
1123 966 38 0
556 122 668 265
1308 590 713 602
89 1241 1089 0
599 849 67 0
0 1546 3 126
1241 666 419 0
0 1268 1427 1251
128 0 1114 131
1056 1381 60 0
1205 1253 123 0
1334 499 1446 514
238 88 9 0
124 1044 0 0
117 696 539 1338
976 109 1114 1268
1448 1593 1589 762
343 853 100 0
411 390 97 607
329 592 435 0
138 870 746 1434
829 79 53 0
576 235 1286 1173
18 75 681 587
1321 61 706 178
856 645 1446 254
904 1422 1517 0
1426 1104 1275 165
235 1029 333 1265
89 1058 56 0
424 1116 92 0
178 680 731 0
1321 1459 352 104
88 514 1315 0
1585 140 0 0
1251 111 1463 8
159 1080 1500 0
1241 29 107 0
1149 1241 145 0
485 256 329 152
905 681 1344 0
1308 484 1114 346
882 1248 517 0
1187 145 1265 704
1148 911 554 676
988 303 1451 1359
1232 344 73 48
897 1488 839 0
1099 144 690 171
447 1317 86 0
1143 682 1344 13
126 253 55 56
1291 490 0 0
13 209 236 1269
0 75 1265 0
544 1047 676 1419
1269 75 0 0
1500 395 1265 796
1376 568 1515 1479
1016 1611 767 1313
1 1164 38 0
497 773 856 1218
385 1353 48 819
1114 1411 10 0
1291 1405 124 0
1530 99 1598 0
0 0 0 0
413 1031 803 0
361 1164 1293 0
960 1053 126 972
1231 848 118 0
274 1566 174 1129
9 1464 0 1517
206 243 1464 1231
169 131 80 0
681 415 65 60
14 274 92 0
674 398 165 1427
897 93 896 111
830 1329 111 97
20 612 0 0
29 1254 0 0
29 1228 99 274
746 760 129 1456
942 1241 1144 1241
338 317 124 0
905 1241 764 559
54 1331 227 1153
1047 1241 1162 0
29 305 1379 632
1172 690 1 0
1273 375 1522 808
308 1337 97 193
1052 1251 280 856
169 1570 0 1228
1397 55 644 882
1222 9 1257 1206
117 71 649 286
116 1501 856 1246
887 973 1389 158
508 10 680 383
1037 1419 107 411
696 564 127 0
95 1204 172 965
988 88 274 275
426 1232 105 1251
1246 912 1019 1241
1603 1241 23 0
1056 841 897 779
50 1232 341 50
1375 1464 1121 0
186 1537 713 219
625 408 121 127
966 1241 279 605
75 796 0 1231
1155 435 997 0
171 1439 79 0
121 1241 98 593
282 580 0 0
1052 1266 53 539
95 102 808 966
1206 75 668 1386
0 1118 1204 0
839 259 343 0
485 403 1273 0
259 1480 202 0
497 10 1 102
1143 415 1080 0
1114 75 423 0
56 274 979 0
234 762 20 1246
1251 897 202 0
30 1241 0 0
1054 687 1300 0
1332 1059 1283 1180
485 1008 916 223
352 717 753 1467
997 333 1524 1019
30 1030 1338 8
1195 1122 251 2
496 1092 1273 123
217 882 0 1246
519 1144 1036 0
1070 1400 99 152
682 1320 1505 1300
497 559 642 121
676 680 169 120
668 819 436 95
158 1241 344 491
543 580 1263 0
681 88 1047 0
8 110 168 0
839 1590 583 0
1096 953 152 847
73 1318 109 756
816 253 1546 0
1066 307 158 0
8 824 0 0
1070 821 0 0
17 966 1201 1164
209 491 519 20
5 692 1344 0
424 84 75 0
1599 342 427 0
92 1265 602 0
621 359 96 826
599 234 800 0
121 1307 731 1241
633 1240 670 1267
1107 981 837 0
663 882 1384 0
572 1376 978 0
1149 1066 352 0
1241 435 17 424
1227 1184 14 1265
1019 1213 411 0
968 1118 0 0
221 1103 206 185
149 458 12 426
60 1128 1582 1164
1231 514 0 0
1265 813 0 0
1433 1153 1025 1089
7 1397 185 0
1061 1056 800 627
185 117 189 1273
929 70 826 738
1548 15 515 916
138 485 539 0
960 27 0 846
839 435 0 0
17 256 199 1565
80 99 138 1501
411 152 1085 259
215 303 821 0
505 1223 1246 1204
350 491 3 122
1126 1137 637 221
587 75 1258 0
1218 729 1530 0
541 281 960 0
913 30 821 1016
26 1159 0 0
48 441 286 110
704 1079 382 0
367 1043 222 0
514 1304 0 0
247 1174 1232 0
701 538 956 792
1080 1337 1230 872
1149 218 94 0
1228 1321 668 497
772 337 1500 0
491 1319 1467 118
348 1241 1019 0
676 89 158 0
343 960 1383 435
1241 1255 1409 1246
1135 1265 823 1239
58 291 1374 1172
251 935 482 448
1540 47 1293 121
53 393 1148 141
1470 1303 215 1244
50 886 779 0
234 1123 87 1231
658 1065 682 0
174 54 505 70
788 1106 15 1456
1148 7 808 1207
537 258 125 245
174 1435 92 0
595 18 118 0
969 766 106 1246
1322 1246 109 788
1330 1107 423 289
913 167 343 505
1213 1164 367 0
938 722 158 0
178 847 7 0
117 1164 116 0
1162 1204 1248 0
1597 1028 1308 1012
70 1485 0 0
1241 690 94 411
1303 1008 352 0
514 1164 706 0
1530 30 1246 95
164 1091 0 126
54 1005 13 0
663 510 1298 171
1241 1277 0 583
122 76 1166 183
1311 1009 0 0
229 1080 547 362
109 164 305 256
29 1463 753 0
1364 437 1232 1517
1213 1442 542 0
58 1045 56 1303
121 187 1467 238
426 1481 839 0
426 152 1251 792
1516 904 86 1241
690 690 213 61
58 969 1077 1241
966 152 1589 0
411 112 980 116
109 587 1273 0
85 158 971 0
0 508 221 309
772 352 1232 0
486 345 7 230
1601 218 913 647
905 515 1178 275
76 1240 435 0
254 230 165 0
854 207 95 1304
905 739 1143 0
848 44 825 0
641 90 73 1061
1172 320 878 1334
406 299 0 0
212 85 18 0
1597 269 1241 0
737 280 147 0
1419 249 1488 169
138 138 1251 0
329 837 29 1336
224 274 1273 0
988 1005 1311 0
375 1590 914 0
341 1598 1516 116
303 1263 663 183
169 487 1308 75
1496 37 136 0
1517 482 1123 0
367 517 413 174
642 116 1179 435
1303 1261 1149 447
485 26 109 0
443 1174 1246 0
792 73 121 86
788 341 3 352
0 1599 1265 676
707 1488 484 1376
1234 384 0 0
252 1227 966 0
909 1599 50 13
514 712 1251 0
7 521 694 10
1235 985 1135 1261
178 162 234 1601
613 75 555 0
849 819 665 981
755 632 87 0
88 126 1573 0
1162 503 826 109
54 1188 1612 0
238 320 125 0
1257 116 670 0
1558 860 792 7
37 849 17 1142
814 70 124 0
403 1267 761 234
411 708 847 0
94 1241 1179 1315
1500 953 1143 368
1538 628 966 0
133 1252 515 367
1334 436 210 1207
515 510 80 0
2 1533 128 1248
1402 956 186 1500
277 1173 350 75
1067 1246 411 111
960 1178 10 1201
1077 1153 1344 0
1500 342 303 1052
117 1247 0 1232
634 1304 76 514
65 1589 480 0
1291 151 1565 10
716 1496 214 10
206 435 85 1497
189 408 0 0
1376 851 668 0
198 1150 87 0
218 1248 792 1246
1560 1164 55 178
1149 1325 1014 317
1303 1255 352 972
756 215 1246 0
669 258 1026 1582
79 1524 1603 171
632 1246 872 0
202 841 1154 1026
352 1232 1089 0
90 581 0 0
663 890 1410 348
773 1548 99 245
676 1463 1500 487
722 202 1409 367
7 614 1246 1005
92 932 940 0
708 1265 1096 861
251 505 234 0
997 1480 1603 152
1241 109 1338 0
1530 1070 579 994
1303 814 820 417
508 904 106 291
831 1241 435 0
202 797 247 773
557 908 95 1246
753 1118 1179 0
1468 274 15 1143
905 213 352 1231
1126 491 883 1480
1386 1248 1241 0
0 913 560 0
1501 1086 8 221
0 301 367 0
125 559 0 0
912 1291 34 0
547 1041 80 0
521 19 1240 0
1448 184 87 0
566 875 1037 0
1336 897 1241 1303
234 1307 525 1464
70 839 1574 628
988 971 144 0
1350 708 1386 1251
668 198 772 0
325 230 399 1257
121 70 152 514
122 1246 0 0
459 171 1067 505
124 24 75 0
1273 388 1205 849
1206 71 1098 0
1549 485 687 10
1118 384 739 1439
1070 525 6 0
169 1362 150 1612
1070 1602 1077 1402
913 311 20 481
1597 1337 1136 178
472 1126 772 1338
0 1026 788 663
202 238 0 235
1276 783 0 0
1066 544 1464 722
0 73 1041 792
54 1268 1540 252
1123 1495 497 0
102 1199 341 50
50 136 1327 696
1203 872 1402 690
917 514 0 0
80 168 1143 305
872 411 1537 0
0 537 1164 305
837 943 913 0
897 755 0 0
687 1232 301 680
882 61 0 0
427 198 755 971
1149 1582 821 20
716 1241 1052 0
405 1096 1094 676
696 1123 0 0
870 42 65 0
668 734 1565 0
731 1203 1463 0
868 1047 858 1206
882 189 630 0
247 205 122 0
122 218 1260 756
1565 796 0 0
420 212 147 75
419 1130 169 791
1148 177 236 136
1350 1299 839 126
30 519 1505 1612
1582 197 1228 204
981 1121 1603 0
413 1386 1517 0
10 251 354 969
1033 214 202 0
505 1524 698 1096
5 485 788 1551
1597 856 1467 7
668 732 739 0
411 1140 1201 0
231 989 1096 123
1139 1395 1102 1130
788 519 199 0
1045 117 846 1241
87 1033 175 0
994 908 1058 691
1173 792 1547 0
539 1017 10 0
1077 1470 99 435
1006 205 1445 0
643 202 0 0
207 1241 642 0
221 275 774 0
1241 937 1551 0
849 155 983 0
1313 1449 1464 1211
152 1346 411 0
159 472 716 269
13 1565 1304 238
681 487 73 1490
212 656 253 0
1500 927 1144 0
1240 882 435 0
1052 1291 75 58
245 585 1070 1232
505 222 341 0
75 234 547 0
79 165 848 0
1551 1463 1468 788
788 1582 1231 0
1386 1207 303 504
58 75 54 0
131 271 870 116
1 1257 966 291
520 1549 1385 0
574 1480 726 0
1457 144 1571 76
110 1178 839 95
599 1153 1144 0
90 487 1334 0
1070 991 92 1080
202 1565 61 0
854 1529 1553 0
945 235 1530 375
0 79 599 538
979 819 1269 1467
1077 413 491 0
532 1241 435 0
320 870 182 1173
792 1338 174 1331
89 435 891 256
872 955 849 508
1063 70 90 753
0 26 887 1251
345 414 943 0
247 1450 1246 0
1411 7 505 0
350 277 642 704
1376 1133 1070 514
1227 954 1077 53
690 301 1496 0
393 537 158 839
539 943 839 435
251 683 978 0
1300 1434 75 1502
487 1227 674 1228
905 1257 65 411
1066 1315 1246 0
971 1411 238 849
1291 253 85 0
76 587 221 1232
20 405 1218 0
375 966 54 0
1540 514 20 0
183 102 1356 0
514 10 1175 0
50 1598 1164 0
345 1080 1255 514
213 1265 1588 352
244 435 1466 307
641 110 0 0
716 246 111 0
127 296 1291 1126
25 339 1338 1160
935 45 1052 0
704 514 1218 0
286 1110 361 75
386 1285 117 214
878 305 274 1446
1330 66 505 0
1364 274 79 0
13 158 1017 0
50 1241 1252 508
79 631 1338 58
1330 1218 1061 56
521 1143 1547 0
286 797 1269 0
491 467 209 281
642 1331 874 0
642 682 1306 0
1107 1546 352 165
1246 757 1241 0
603 1075 511 1550
75 1048 70 504
334 971 0 0
978 716 988 0
125 839 58 0
710 1241 1315 0
663 20 201 568
1016 33 1565 349
274 1026 25 414
8 107 1016 0
846 324 1077 670
76 1241 199 0
60 1289 1027 0
422 341 972 1232
1511 797 1265 0
212 1242 51 0
0 1330 1587 886
122 708 599 341
497 1552 23 0
334 487 482 0
691 1467 522 1141
0 56 128 1240
1609 1252 528 1119
1273 394 762 0
989 1376 1241 0
1500 1307 960 124
344 10 865 934
1012 1525 1143 1232
50 813 320 0
118 1599 642 0
814 756 0 0
8 1570 350 839
904 349 1044 1327
994 1547 964 0
1143 905 690 0
1052 1 212 1419
1080 175 140 12
541 281 1096 851
1540 147 1269 289
215 152 1179 0
1037 1327 1240 0
954 458 85 54
0 1597 1338 215
1114 519 259 0
668 868 960 141
602 193 978 0
246 443 556 1435
1045 443 1466 1241
514 1014 0 1513
1519 941 424 0
1019 10 1325 0
848 63 196 0
76 887 1303 17
367 870 1170 1605
1273 1383 735 75
1304 600 555 0
122 240 1327 257
1386 1447 1140 0
682 1232 54 357
997 1423 526 1008
943 451 152 16
1206 517 518 0
969 1265 153 0
1500 97 1107 0
223 1270 0 0
1257 1104 367 793
80 716 1096 1336
1164 443 1540 75
20 526 1321 0
50 1162 1139 670
1058 1337 416 0
514 1228 0 0
8 997 517 0
689 1056 1603 0
88 1481 787 140
981 663 30 0
1026 595 1397 0
872 1327 988 1172
826 1265 405 0
663 1327 153 0
978 919 1336 277
1275 1252 1 0
14 1241 521 0
72 1424 10 0
76 847 1517 0
307 352 889 1152
1457 1511 0 0
151 884 367 1041
324 368 1218 1241
23 1026 25 75
514 186 286 204
95 94 700 0
367 1592 1260 572
555 682 0 1257
329 1251 1565 515
1386 865 642 0
1467 917 82 1241
341 152 110 5
663 613 670 0
141 7 663 1232
171 1172 87 0
1206 905 171 206
628 219 436 0
241 138 891 0
271 942 628 0
1455 995 1457 0
99 1307 1135 92
1330 1286 520 183
350 1164 690 0
839 326 953 92
0 337 178 1228
896 1150 1244 0
682 1070 1067 0
670 1232 1265 1457
514 109 972 0
238 1451 1241 1164
144 169 643 0
1241 86 1308 671
95 273 79 529
165 405 1598 1037
839 1438 1201 0
1232 79 60 0
1321 451 6 50
30 546 238 0
696 8 1389 367
346 253 0 0
573 574 183 1397
1509 383 102 0
459 869 1480 7
1350 1037 56 0
496 1241 1041 0
238 845 586 1463
1386 279 324 0
1041 637 0 0
352 1169 48 9
1530 628 1120 0
992 691 133 0
76 910 1483 1080
805 1354 0 0
1463 1241 848 151
921 99 894 0
126 767 994 253
350 1246 1269 230
118 329 670 13
997 1246 727 0
1006 199 781 0
1143 514 960 0
856 532 1410 0
152 128 152 514
202 1162 1275 0
86 1006 1334 1107
1583 1096 798 0
353 895 1412 1164
788 846 117 0
1260 932 756 238
253 1333 1019 1162
1265 750 1228 0
354 971 1461 0
1114 1179 439 1232
680 602 836 0
75 1453 1 165
1241 128 263 0
206 315 1603 0
1210 1246 762 891
1041 10 1607 0
1176 886 71 0
1303 531 1164 1517
403 1164 1315 0
51 1411 94 0
1306 1114 0 0
169 1213 0 0
152 485 1019 0
1251 668 403 0
1311 75 124 0
121 1338 1556 75
630 1051 16 1375
722 1201 670 0
905 1438 739 0
221 689 17 599
1080 270 435 254
133 152 1339 401
436 144 0 0
1008 213 1269 0
1089 1241 743 628
14 29 58 0
1552 1058 1228 0
1480 222 712 1303
125 345 0 0
595 1144 826 0
504 1241 140 303
127 108 1056 0
93 214 644 796
698 824 196 0
254 0 0 0
1135 329 211 1338
1454 1231 1206 1251
1206 110 1244 414
691 1058 13 0
579 653 959 124
1603 1334 0 88
124 313 0 0
10 417 127 1246
90 121 759 0
447 17 491 84
92 92 670 0
1114 1179 1072 0
79 199 435 0
697 1258 270 1355
206 587 515 435
16 329 935 602
670 1309 1309 0
212 1554 542 0
18 383 209 0
767 813 1201 0
1228 690 98 0
956 666 902 1238
54 669 238 0
987 1241 537 1052
58 1140 690 0
241 126 1286 0
1153 1240 524 0
1041 1207 988 0
1300 1246 350 497
1530 245 1386 174
912 924 128 0
482 1483 690 0
957 1590 169 0
821 320 856 445
1540 532 3 75
48 394 1291 354
183 962 51 0
663 120 90 1480
61 937 1303 274
155 120 668 0
1457 792 1245 0
65 301 839 0
868 1061 1321 0
95 625 574 0
251 897 426 848
897 1150 215 206
435 1422 0 0
912 1456 60 1464
505 1172 1036 1315
1232 1061 405 0
1016 972 1153 116
505 1265 238 0
1537 390 1201 1599
1 778 1232 352
1449 1404 21 1471
87 988 1241 916
868 519 836 0
159 1517 16 0
537 1232 1063 1107
514 738 1599 0
837 626 153 789
1246 75 804 0
348 50 994 0
128 1246 763 0
95 663 1472 627
482 839 1035 0
60 1338 0 0
370 1153 1291 0
1326 1241 171 352
193 1397 1300 1530
258 816 206 0
352 75 539 0
14 256 84 75
0 1478 1077 0
155 821 935 0
256 66 0 0
245 158 250 0
1530 75 1492 1424
95 1565 0 0
405 54 1116 0
1034 1210 1474 138
12 1384 330 0
1273 813 1472 0
1537 521 813 0
645 518 757 1141
701 1246 213 0
242 75 1143 424
245 670 979 1246
514 111 1060 0
856 932 1540 953
943 897 1275 80
18 1307 123 0
13 849 95 0
1143 1600 1469 0
212 500 1463 3
252 1303 125 0
897 1241 467 0
124 564 1607 0
1364 4 165 308
20 1258 1246 1207
286 1248 303 1494
541 1022 385 61
727 241 2 1327
1537 514 848 1061
670 141 599 0
1246 55 663 1232
1603 207 172 0
1551 1327 408 0
162 551 53 71
788 1550 109 0
159 1414 542 0
1603 701 171 238
779 251 1228 95
1077 461 1386 1240
88 870 0 337
772 881 846 0
107 1315 723 1374
572 1190 238 0
834 730 222 1303
178 451 1291 997
405 514 0 0
971 1164 0 0
169 1461 1338 0
1469 1241 0 0
682 573 1201 152
238 301 989 666
1421 956 155 1261
125 650 847 20
1329 237 514 0
524 1191 1255 0
1376 843 687 0
447 756 1025 1143
839 1241 1244 0
870 1251 676 0
696 1117 187 1315
18 1497 1420 0
54 1137 1164 0
0 337 183 0
690 1123 1448 0
927 1530 99 1135
670 886 868 0
703 514 268 0
6 289 1540 525
1540 846 0 193
1061 847 1251 0
555 526 174 0
1238 49 1582 1265
905 1607 1144 0
94 222 125 217
193 1172 1016 1291
279 253 847 0
663 1464 1597 0
1469 826 837 0
70 689 89 87
94 1464 517 209
696 92 1269 971
973 824 25 0
1232 722 452 92
1419 477 993 75
793 1002 89 1409
851 772 128 0
846 159 1463 144
1027 195 1338 0
1477 1524 269 126
1246 1589 521 0
1451 237 104 0
1419 1041 580 0
1344 75 75 0
696 320 3 95
259 1241 286 870
849 643 357 0
189 80 86 0
1129 764 1386 0
913 1213 6 0
539 120 1291 238
696 140 762 185
50 47 1273 0
1107 1265 819 206
1129 779 126 0
839 1241 1246 1548
521 1374 252 423
1241 1247 1265 1114
29 1246 599 0
505 1096 221 903
847 1232 70 886
1048 116 138 514
232 1323 814 0
75 441 238 849
1063 563 117 0
485 1312 1474 1291
0 514 1123 0
1338 258 1066 976
1454 1232 869 1340
1231 1386 872 0
462 1124 6 55
1251 847 1517 0
209 1164 1248 0
1470 75 839 846
152 221 1135 0
1484 251 97 75
897 73 485 668
274 861 57 668
631 648 950 60
923 1397 1187 0
247 353 998 0
504 75 343 0
7 1589 1154 0
668 792 891 0
2 285 0 0
628 447 206 1143
125 481 1389 1125
745 951 894 111
106 173 1313 517
505 76 905 0
1231 1241 1192 0
1172 1580 54 1238
1291 371 1143 0
839 449 235 54
17 1531 929 0
110 1232 856 1480
1 75 1497 138
1251 359 1223 136
960 1519 256 761
103 152 106 274
543 169 116 50
1241 89 288 0
539 1585 779 0
753 1206 1402 0
981 1114 497 788
86 57 305 1142
375 1343 1143 0
986 87 375 386
960 991 133 0
569 211 897 0
803 991 0 0
1513 354 487 0
670 303 93 0
1061 1241 0 0
52 121 79 1291
1232 537 301 1037
1582 1257 856 1466
882 489 73 0
388 1463 17 0
1581 75 886 0
7 989 1235 896
753 1268 696 1072
913 1375 196 29
14 514 227 0
1227 305 1118 0
1308 1166 375 0
1530 42 726 554
981 514 79 0
117 1302 839 202
301 1148 24 0
251 1058 599 488
497 252 465 0
354 1126 136 123
526 435 1376 155
0 905 1451 0
346 75 722 0
238 988 800 847
1172 394 214 1467
75 1246 1026 345
0 1232 491 0
599 681 1397 997
634 281 205 1045
2 321 0 0
234 1241 0 0
1397 111 1045 0
1241 1253 1232 0
1 1089 109 0
703 235 1568 0
174 1261 13 0
1070 274 403 1338
1126 1025 1246 209
75 1085 341 0
76 459 696 1496
1310 1086 1068 0
87 1033 7 0
847 865 104 1232
1248 111 0 0
405 54 0 0
837 58 491 0
290 756 953 1500
1437 134 886 0
1126 643 1441 574
841 1153 217 0
117 474 822 180
1503 517 1597 913
350 1242 971 0
722 1101 1133 274
1063 426 1268 1061
222 461 599 0
58 545 106 92
1041 1241 1127 0
514 988 0 0
1241 332 18 0
204 75 0 0
913 760 65 0
1168 920 0 0
1457 301 663 0
1402 1461 1169 0
1338 1288 1114 107
111 1152 542 252
303 439 7 354
301 277 1027 424
800 1063 1516 1273
1347 238 138 1107
814 953 750 0
128 1602 1045 1232
232 746 935 491
193 1377 836 1438
201 277 17 600
1269 1258 445 704
202 50 1207 0
1564 748 846 18
864 634 253 0
1232 1374 849 0
1201 253 730 0
1502 459 1332 825
1 662 717 235
1070 916 992 236
286 368 123 329
0 56 10 0
411 1014 245 0
670 1464 94 0
301 586 270 0
485 311 359 979
158 910 217 286
846 472 541 0
350 1571 1074 976
1123 897 497 174
968 1171 0 0
491 525 814 0
846 980 121 537
1307 1308 1524 913
1315 251 0 0
116 1148 753 0
367 1378 165 753
508 238 0 0
6 1237 630 964
238 102 635 836
848 12 1551 308
1123 1058 1019 337
1599 476 205 0
92 1241 352 0
1148 147 1096 1246
1407 155 971 0
107 753 16 0
452 1257 1235 305
1517 1504 209 1231
905 716 128 0
1066 87 772 0
126 1275 206 76
1041 400 199 663
25 981 82 627
1269 437 974 0
1257 749 788 501
303 1041 1116 0
704 1436 230 0
1241 819 0 0
241 221 381 0
991 1241 75 0
452 1374 687 0
663 892 1332 0
938 171 552 0
238 411 547 0
1016 504 1205 0
1457 993 1085 0
1334 235 79 416
521 1446 348 95
668 501 417 1321
308 99 158 74
1480 517 897 0
0 1135 525 832
423 102 696 1246
1123 1441 124 0
187 165 1468 0
1126 439 976 0
229 1531 602 1530
1386 786 138 0
329 1199 1476 0
1464 946 75 0
1066 357 510 0
92 1042 448 155
1374 764 1107 0
1173 8 1389 14
1106 1290 0 0
405 14 595 0
792 801 350 0
235 1077 1248 1522
1273 1019 196 215
628 1241 514 0
245 28 435 75
1251 525 75 423
979 912 1080 0
178 352 0 0
1551 544 58 0
1213 870 12 0
539 1077 80 0
144 304 221 1058
872 254 792 0
930 831 251 1246
870 904 413 213
447 222 483 0
1121 950 814 0
1066 514 144 89
541 976 1077 0
753 1207 0 0
805 970 539 385
670 522 308 0
58 1450 1066 0
75 160 798 0
97 183 1371 0
386 1201 71 1232
0 111 17 375
79 75 10 102
554 10 1164 823
343 60 514 0
981 1135 329 99
221 121 165 341
90 1222 595 502
1246 1241 424 0
1565 515 1464 405
411 344 1232 238
169 472 1 0
118 515 141 235
0 117 274 0
935 354 0 1143
1586 1317 510 625
1300 994 856 499
1227 543 573 1273
14 1582 138 0
55 1246 1376 0
55 1521 127 0
717 1526 427 0
1232 1336 12 1334
87 274 1016 1187
348 1232 80 1232
813 1612 1350 0
17 882 484 514
1500 214 1004 1241
856 837 1302 467
482 18 213 671
350 1332 1540 0
56 1383 1269 0
205 1389 140 0
0 152 1204 1571
254 1006 85 0
1312 66 1242 1097
988 281 70 212
573 1602 751 0
50 989 1308 665
508 1331 1334 1541
514 1231 431 0
12 1096 80 132
65 435 126 20
969 1278 56 0
1469 1480 92 0
212 1241 436 0
202 1119 539 0
1307 60 14 17
1244 559 1273 994
126 514 80 1226
1364 1241 424 1052
109 593 1013 0
905 1228 198 165
367 491 1248 0
187 886 252 0
803 680 126 1480
905 76 0 1240
221 1188 0 0
116 1468 517 0
1308 1232 1228 0
411 1164 930 0
232 431 543 927
279 681 1459 1314
789 1102 1075 544
1601 514 1507 0
1338 1519 722 25
905 3 599 0
1045 1246 1019 0
128 536 1461 0
969 676 1164 0
26 274 935 0
259 152 1386 1206
681 1344 1303 846
79 514 905 26
942 92 1258 54
1067 347 1194 1232
138 46 0 0
583 1307 10 0
1480 99 943 0
887 139 586 386
1338 1143 212 0
0 519 1228 1116
1451 1524 932 1602
1206 991 1232 1303
337 1551 838 676
61 600 1344 0
117 583 628 805
935 121 155 989
126 691 1067 0
0 1411 1524 0
1375 426 48 0
75 1265 1530 0
1237 970 403 1266
5 1265 1415 0
92 346 55 716
1260 1344 367 0
1376 1468 1546 0
178 337 29 0
160 848 587 75
1517 1327 1421 587
95 1560 1114 461
6 1241 1242 519
1521 222 303 676
1218 631 820 1571
1269 818 743 0
164 166 1195 56
99 1565 401 134
386 1073 878 676
117 1173 966 0
126 348 674 0
1143 777 30 0
1540 1146 458 1602
0 1162 1235 0
564 96 1251 0
1221 726 0 0
861 1336 97 849
542 181 1047 722
1164 1231 70 870
783 384 838 0
496 792 84 1252
116 1135 171 935
1460 13 1158 0
668 652 834 1347
882 411 1541 0
682 1141 937 0
847 1591 0 0
1173 834 125 13
1467 982 912 125
8 872 826 0
1564 1464 206 0
966 805 215 202
793 173 761 212
303 1296 0 0
301 555 882 238
1107 76 1364 0
215 1364 590 0
846 954 1139 0
1201 1058 140 0
79 1532 253 1178
94 514 1066 0
1143 265 286 1537
60 735 1179 48
333 126 269 1352
147 1480 0 0
141 721 1178 1144
1041 75 1466 668
682 1241 1375 0
1114 1586 1612 99
206 573 212 1228
839 552 126 126
1269 706 531 676
70 525 90 0
1021 1164 502 0
117 121 76 73
111 521 99 1164
1137 1077 935 152
514 788 61 0
205 1243 350 387
0 514 514 609
423 1464 1338 853
29 1241 379 60
10 1059 753 853
73 1045 517 1612
257 1588 26 1207
916 268 128 1135
246 1071 1517 14
1143 1403 58 1246
1041 1321 1338 856
253 1252 1241 991
30 776 193 0
1419 510 1441 0
842 612 1500 1143
60 1565 1126 1231
1126 1474 560 1334
0 988 1123 0
1265 1452 0 0
178 286 1540 966
70 892 846 1265
305 743 935 762
94 10 301 236
801 1160 94 0
988 1265 27 1017
48 34 1241 0
894 1199 423 121
826 526 755 989
337 1303 936 757
393 954 0 0
73 320 253 0
216 945 1241 0
1 1164 9 497
189 687 337 0
50 1315 329 90
913 681 1218 1322
175 394 1143 1114
846 87 126 663
126 849 762 1419
1161 1183 1464 599
1400 1099 0 0
2 1037 1067 199
789 1176 1241 99
1159 99 762 0
0 301 1303 29
1201 701 343 12
206 819 1207 0
1568 792 1162 159
986 1095 1205 288
704 991 1014 882
1603 1316 20 0
279 595 1006 0
1327 1339 21 0
1334 1227 0 0
1241 1505 1062 578
111 641 0 0
1602 1325 14 175
5 1228 0 0
505 1560 352 788
25 514 413 0
20 971 839 1582
514 602 839 0
831 1246 681 0
1241 75 1540 1513
117 904 123 70
411 914 732 1517
0 87 823 0
487 897 25 0
37 1251 110 126
932 286 713 53
183 354 0 0
971 1173 1276 1291
30 991 668 0
1045 1029 0 0
341 1544 1149 821
1218 966 13 0
104 330 0 0
254 1565 1246 0
198 1055 632 202
209 288 657 838
1132 1270 912 1480
188 1232 595 26
0 1246 1110 0
87 50 367 0
743 740 0 0
839 881 0 0
1565 764 75 1179
85 58 1006 0
87 1325 14 0
85 1546 0 0
367 183 121 0
1187 28 505 814
1189 1232 0 88
1143 902 779 1602
259 258 1513 590
242 799 0 0
1265 838 0 981
1516 152 329 1261
30 1334 0 0
51 80 0 0
16 1344 542 245
275 1201 7 0
1251 824 663 0
165 1006 1546 414
1201 643 165 560
491 2 252 75
80 1495 125 1496
411 854 521 0
1269 482 111 1232
1143 1241 111 50
94 1199 367 0
405 484 0 0
55 1241 762 0
1045 1304 988 1135
872 1150 1336 0
703 1107 997 95
997 10 95 124
426 517 354 497
436 882 1077 0
1035 1519 727 29
140 1135 0 839
1303 60 1551 0
221 102 123 307
1303 824 0 0
1077 71 1084 83
385 1246 732 0
152 320 1265 0
796 676 218 357
1143 1168 1080 0
1095 511 957 717
981 1453 1260 0
1583 859 427 1344
87 991 727 0
89 165 1241 1006
122 75 209 123
988 971 1241 1164
940 1350 238 152
1530 450 125 65
487 339 595 1199
772 1114 517 0
1045 1397 0 0
215 75 663 0
56 92 1464 0
659 398 525 140
0 1006 1143 0
305 317 1540 0
1293 1241 117 0
0 1206 1463 0
60 201 341 1467
93 317 938 117
981 1485 1571 1463
482 375 307 0
215 994 413 772
978 1516 1242 0
26 701 666 0
118 1241 128 0
1376 1427 882 13
70 317 872 482
882 186 670 0
341 770 123 0
182 1287 85 0
663 1547 352 0
13 574 13 0
1246 1002 1419 0
1162 104 712 1123
80 971 158 0
1135 75 102 0
625 1164 854 1164
120 1580 50 367
403 1080 1019 253
1129 940 497 65
308 1516 8 0
969 80 856 0
792 1246 1154 0
814 337 1177 269
29 1300 1613 0
80 1241 133 0
591 514 839 869
1295 1241 487 1446
1 756 517 152
75 301 1207 0
514 1149 1338 0
251 1241 668 0
870 1480 1045 1469
73 1350 1042 1228
663 916 894 423
1162 7 50 152
1602 55 118 1597
183 140 514 0
894 1457 64 905
1550 709 0 0
815 656 968 491
1291 1409 1602 0
73 1135 1066 846
1244 674 1123 0
1241 12 1242 0
274 70 76 0
1307 745 238 618
1109 99 85 872
485 1604 1203 0
485 1391 1201 0
608 240 722 532
1389 547 1121 590
722 739 448 824
870 212 174 0
352 525 932 689
125 70 152 872
187 1164 0 0
1056 257 141 157
147 1232 1424 0
212 451 426 844
329 1474 1277 0
1517 1019 1240 0
208 295 993 1097
1419 73 681 286
905 10 20 0
1041 359 1105 1180
282 12 1318 1547
87 171 1043 1582
839 1410 497 0
1469 1066 8 214
461 30 1114 0
482 344 1611 1258
1269 1501 107 75
716 902 158 1164
1143 1352 1006 1513
1603 447 1581 30
1201 1327 1019 954
245 267 212 0
50 75 60 221
0 216 663 0
485 1246 502 252
1603 886 1376 411
240 1474 1474 552
1070 687 0 0
0 669 1228 88
13 165 147 0
54 56 1244 0
505 1529 54 0
583 1241 856 0
0 215 1256 0
1244 940 135 1386
246 480 1488 0
883 1254 1597 367
912 1552 18 0
424 1213 1135 0
216 1452 1114 1507
753 520 1407 0
628 7 71 341
71 900 1500 721
238 1565 663 521
138 394 953 0
1315 1316 116 0
1376 256 73 75
1067 792 0 0
147 1408 461 0
1257 861 0 0
848 171 10 0
1303 542 1334 950
111 108 6 0
1467 1364 435 0
90 1005 599 882
1540 102 734 0
1291 1077 1203 0
79 1564 514 674
1126 1128 165 0
691 106 1504 152
788 1248 61 256
935 259 487 0
1077 714 967 1280
682 241 358 0
122 706 360 0
894 245 1303 514
202 525 743 0
305 213 305 0
113 50 1273 1464
595 1016 0 0
1386 991 408 1546
1173 1004 60 0
1123 1531 960 1038
450 1246 305 1304
1464 514 0 0
1453 324 624 0
70 900 0 716
769 1098 645 0
385 1012 756 13
1289 1336 1103 921
502 429 214 182
1077 1559 1270 0
913 514 1231 0
73 398 755 458
215 1074 712 110
90 1241 109 0
579 158 1119 0
1428 1247 0 127
424 590 238 0
215 1513 0 1089
165 581 1338 10
55 904 1107 966
514 912 514 1273
85 437 1407 0
48 1164 1246 0
1089 1246 1540 1041
1330 966 552 0
897 525 813 666
48 786 904 0
1412 1241 26 0
1066 1311 218 1129
1540 398 213 106
411 1241 0 0
1603 1241 1045 140
872 137 559 916
427 1246 1344 0
788 1246 152 0
1269 554 30 0
124 826 521 0
966 907 75 1291
1386 1506 1369 739
1291 1201 200 252
599 337 209 0
1058 1469 1386 0
133 576 1303 1228
1075 45 1113 687
1531 1164 880 0
872 1122 155 71
367 1058 1261 1338
826 1602 961 0
37 1352 30 0
1338 937 491 979
1016 240 259 0
252 311 333 1497
981 676 280 0
94 1517 110 386
183 439 1150 0
767 1241 13 0
2 919 64 0
708 14 344 1055
841 165 205 1241
897 1246 943 0
18 976 1511 0
125 386 1304 0
0 1241 1023 1251
905 256 86 0
1235 1241 1120 1218
1172 915 56 0
776 341 92 1292
972 121 1232 0
0 0 966 1303
95 769 624 436
50 1417 60 0
1165 164 236 0
904 517 1067 461
79 131 971 65
868 265 0 0
663 755 1513 0
789 1535 1123 713
1291 890 106 10
773 537 172 0
6 75 1597 0
301 971 0 0
1331 10 17 753
1 1019 943 0
668 966 628 0
1246 45 122 317
1269 75 803 1599
174 218 1324 1036
1077 850 1114 75
275 808 783 0
1045 711 837 590
1336 390 252 79
716 1242 1232 329
18 1241 929 0
234 1273 1590 0
350 16 0 209
1551 127 174 0
61 1008 1353 0
352 393 1315 1257
599 520 1461 252
508 699 118 259
245 1246 814 0
1400 1094 978 0
969 1338 827 0
1376 458 1446 0
539 593 1330 10
122 206 704 0
76 1014 848 0
708 171 2 0
851 514 256 0
88 13 1063 0
14 959 1338 1304
0 599 1311 0
713 383 855 1213
90 198 682 0
279 214 111 1602
127 514 205 0
329 756 1178 0
257 541 1463 0
1599 138 10 1315
1070 1241 221 0
122 643 814 0
88 41 753 0
76 1164 841 485
997 56 1269 0
171 7 514 0
385 1203 176 905
128 989 680 0
266 1232 1228 217
152 1559 93 1162
242 99 73 0
367 1041 1546 0
1344 1304 969 0
1269 525 1409 1466
125 1023 1023 0
15 1242 169 92
602 717 1164 85
757 1041 279 0
41 218 75 910
308 1560 20 0
212 1597 56 0
0 1089 1039 0
1172 789 839 57
1061 25 89 158
247 1332 994 0
698 1444 1080 1224
1149 605 71 0
234 1242 1501 1
859 274 303 15
508 1546 202 0
1241 1304 642 0
663 493 690 505
514 1232 1501 0
251 1023 1241 0
385 1066 494 0
574 269 124 0
7 1467 589 79
431 974 167 1359
73 74 0 0
870 1521 1203 0
670 869 305 1268
107 111 95 79
1016 1338 0 0
93 80 286 1045
186 971 1164 942
1097 128 979 1402
704 767 0 0
1066 1074 1240 424
332 578 405 1501
1303 1123 1019 73
872 1241 120 0
814 687 1066 344
158 213 0 0
762 50 595 102
104 1232 913 121
547 285 55 0
539 18 289 413
279 1167 893 0
1071 1164 1468 0
1041 435 0 0
703 159 1052 0
1143 1164 88 1240
1333 68 1242 222
1401 514 0 0
1126 10 796 0
1337 1158 991 1188
174 821 367 0
1500 856 821 0
796 743 1203 0
123 583 821 0
54 937 1089 0
443 155 385 497
1513 924 0 0
1509 905 85 0
155 1251 458 935
1457 490 95 0
1467 1560 623 341
1331 1560 1187 18
150 1231 671 1273
171 791 0 0
1409 549 385 187
1466 1544 187 238
644 593 1109 1401
658 620 161 0
814 1340 197 1566
123 714 563 0
302 1241 1187 303
872 435 0 0
0 92 435 0
607 73 932 1241
595 895 367 171
1411 140 206 821
552 320 1232 904
367 1193 848 905
6 790 90 0
424 1244 666 980
6 1467 1341 0
0 1158 994 1531
1232 575 110 0
10 279 579 1228
1026 151 668 537
0 1265 1303 57
846 991 104 0
426 1164 1066 0
1085 1246 0 0
361 848 307 212
3 1277 1319 1602
54 514 539 0
1114 971 251 238
0 1246 1391 0
1269 1058 59 250
171 839 839 0
846 764 753 0
1148 1395 1028 0
1036 198 384 0
526 772 1241 102
1226 912 1112 26
411 552 1251 95
13 138 54 79
1164 894 1251 1291
886 761 510 0
863 988 1257 0
25 1008 1272 171
1461 790 286 761
187 547 1098 0
350 13 897 0
106 102 56 0
127 676 89 0
125 435 856 0
13 343 435 0
178 214 699 166
788 891 1143 0
579 532 214 1143
628 554 1540 12
85 1359 493 0
1016 1317 0 0
491 1275 337 1338
206 1241 1178 293
722 243 1228 14
1045 1331 851 0
303 1338 788 0
58 174 682 0
189 1535 682 109
1303 1464 16 0
960 152 986 215
1037 1256 839 0
73 1246 0 0
1265 305 1183 0
756 1574 841 0
125 1431 354 1303
367 526 1070 25
117 305 223 0
978 745 1411 0
644 305 311 472
1143 81 567 0
935 756 172 0
124 1284 183 106
1016 472 1079 804
26 309 1269 0
800 971 1017 0
423 514 1213 0
1291 676 58 0
1307 539 642 354
185 1326 367 87
1411 1472 1164 0
319 854 353 167
1265 1164 0 0
1336 1352 1256 1232
358 1241 595 0
147 788 6 0
14 1327 680 1308
89 1333 427 29
175 514 122 1517
1016 608 426 1251
900 1340 1542 362
1540 342 854 0
1338 593 58 0
17 121 55 0
75 1103 465 0
997 89 14 0
214 1386 196 0
1118 491 485 0
1019 1376 481 183
519 1067 97 0
26 1251 294 0
738 152 0 0
65 1588 940 514
1123 1338 755 0
245 124 255 0
92 268 1463 75
1414 329 960 966
1241 1474 29 0
1066 663 1070 102
1218 1611 672 1394
185 1246 73 0
222 1391 1603 0
1251 330 0 0
127 557 164 386
1 35 71 235
229 1172 805 0
514 209 0 0
303 167 266 1147
1026 1524 696 76
37 1031 916 1530
1329 1241 1265 0
960 1441 757 0
1435 169 95 1303
125 1241 97 0
872 739 912 0
1307 949 1058 0
905 1185 126 0
86 474 1453 1303
905 1298 491 826
92 1356 800 0
519 1461 954 969
670 849 121 405
981 87 1457 0
1143 716 1566 1426
537 514 1579 0
1257 1205 168 846
128 616 981 0
79 207 1246 1246
30 1053 1411 1026
913 849 839 1376
856 1501 837 0
1143 905 579 1213
65 354 838 0
1123 1286 663 1213
152 1241 1273 0
841 608 73 0
779 1411 50 128
1268 1055 215 0
668 1039 60 9
1327 1121 99 1517
1471 1150 14 0
13 1330 1231 0
125 1501 537 0
1338 1241 84 0
423 437 676 12
0 1164 75 1228
814 514 0 0
663 821 1138 0
623 1565 539 0
554 1517 0 848
29 895 1162 744
1551 1299 80 1023
280 1099 75 598
779 676 1599 0
1468 510 307 0
127 912 73 0
0 848 514 0
113 472 1035 1459
1233 65 106 1246
55 152 0 0
76 10 381 0
87 1386 140 0
75 1417 169 0
1604 910 537 0
109 133 1461 0
60 1164 820 152
345 466 716 1006
1467 199 743 598
1273 1500 645 116
447 1037 1586 514
423 1402 75 1251
329 461 1251 95
663 615 187 0
1143 1228 943 118
1193 94 0 0
497 134 1350 1262
482 1488 75 1056
54 514 0 0
187 1036 436 0
13 792 125 345
1564 1600 217 0
321 1304 1302 85
593 579 1461 544
1206 1302 1089 0
1227 905 61 0
1228 1076 1257 0
1107 44 981 0
110 76 10 14
682 24 265 221
1429 544 663 13
0 599 681 0
171 1075 1105 0
1453 644 110 0
152 831 1329 0
50 155 159 1420
286 1483 1076 427
1303 1602 1531 0
1066 1114 1077 79
54 2 979 0
272 212 1096 1248
90 917 362 0
1 722 1540 868
1245 1241 1455 0
1446 856 1538 75
17 1500 930 1016
1126 919 1458 0
186 1337 1578 87
1240 1135 48 912
110 411 76 0
839 1014 259 1199
213 305 826 0
905 320 960 514
1135 1148 286 0
979 485 350 144
1251 1356 839 0
158 1213 54 0
30 1505 54 0
1063 421 1587 477
159 1317 0 0
127 1073 1384 0
125 456 138 0
122 424 1218 1246
938 45 519 214
253 259 341 757
521 681 1148 1306
599 229 663 788
1206 1241 133 1045
368 1241 252 0
1516 1524 1552 0
253 1 1111 0
1142 643 189 0
1597 348 128 0
691 497 1164 165
153 55 1114 1306
1257 1365 104 0
175 1240 13 0
206 202 965 592
1265 699 140 0
144 723 1043 79
690 286 37 152
350 79 779 152
1204 205 1158 762
1257 1143 303 171
71 1089 55 0
1235 1044 108 214
703 1164 812 158
14 1265 681 0
86 1470 123 0
704 827 1251 7
1374 97 175 386
730 54 1080 0
848 1246 1107 1162
1411 1164 0 0
1522 510 1451 573
1201 872 647 1303
1303 701 254 0
628 971 824 0
337 1505 1545 183
308 882 0 0
841 1334 1045 1451
87 1234 539 0
846 1291 303 0
1597 1207 1172 0
1126 472 0 0
85 823 84 0
6 1175 676 0
690 1240 394 215
116 911 215 0
913 904 303 0
542 1468 836 0
361 152 27 900
1501 1016 753 121
0 1246 1421 97
1199 213 663 0
54 868 71 0
716 1537 848 1146
79 357 487 1307
1045 274 1516 1
1242 485 701 1218
532 1232 805 886
363 358 676 1232
127 214 1435 1228
1326 5 971 1107
246 1457 608 435
320 1246 1241 0
1148 1613 552 0
744 1264 1463 676
1247 510 676 607
1164 514 111 905
202 1214 29 0
196 1303 905 897
94 1303 0 837
257 630 681 1269
680 354 5 169
0 139 1228 0
961 1303 1484 0
94 849 1086 634
722 601 539 0
121 6 213 0
92 79 587 238
1244 1014 1300 0
668 630 1500 98
628 134 552 0
663 1173 346 110
61 1093 681 0
1070 93 730 1077
14 253 1036 0
1096 31 1236 1323
1338 425 1126 1242
126 1546 131 1052
654 1423 138 466
403 9 1063 0
169 708 0 1241
440 1303 1574 897
988 1540 354 0
1052 944 1173 73
447 412 1530 206
333 1174 152 10
1268 1556 504 1135
1231 1467 286 537
1392 913 269 0
856 273 628 0
1241 400 1344 73
386 150 188 0
1375 1241 1552 991
75 1613 574 122
1148 578 559 368
716 763 61 1612
882 1233 7 0
856 491 7 1008
54 1188 0 0
234 1308 93 0
107 636 1461 1178
1066 870 1239 0
116 311 842 1228
178 606 352 0
755 990 86 0
425 1565 180 897
514 152 514 0
127 109 79 0
126 401 70 238
405 1150 88 988
95 1409 599 0
26 413 151 971
663 929 803 691
1061 859 0 0
670 1228 655 1241
1241 904 234 0
1241 1470 789 703
75 1464 0 0
171 1329 826 140
111 462 1061 0
1006 1083 642 193
1334 1407 411 0
533 1232 95 140
517 75 1096 58
1592 261 73 3
505 1600 1213 0
1206 869 1530 0
1446 84 307 0
497 472 37 746
411 825 326 971
116 1397 29 0
1488 348 687 0
10 99 1045 121
109 1260 126 0
294 849 1593 792
27 13 1075 0
1248 735 252 0
1269 902 6 0
756 75 117 0
1540 1139 427 75
574 792 981 0
525 557 819 426
1114 984 1462 834
1017 1232 662 541
52 198 517 704
350 1079 0 668
1364 141 1291 1397
1516 169 1403 0
8 824 238 0
1376 320 1241 0
247 152 133 0
337 53 1142 1085
378 313 792 0
1546 1241 642 0
109 133 1484 847
305 628 1108 0
738 107 712 0
1218 311 247 53
116 514 116 0
177 337 755 1516
406 435 90 8
93 274 1218 0
599 325 70 0
882 24 75 1143
848 514 1241 0
1114 1513 1337 0
90 1564 128 0
1480 966 1300 0
88 75 663 0
1245 1257 888 0
491 785 164 174
202 272 792 0
128 347 1179 73
253 1325 1530 12
1246 1308 175 1530
1273 1231 1164 0
886 1089 235 0
117 872 1451 235
116 73 1265 0
1036 350 0 0
111 140 1056 792
234 1338 274 0
1597 30 75 1232
560 712 1173 79
359 328 1092 236
484 152 772 1164
1463 277 587 58
1016 134 1548 159
73 1232 1517 0
54 56 18 0
633 1094 1149 0
1257 1232 1308 337
821 1521 537 70
186 738 0 0
1070 1119 138 0
595 635 117 0
238 308 138 178
9 1612 8 0
599 514 125 0
424 904 317 0
909 1126 1361 0
85 1187 1066 0
116 57 504 0
131 1551 839 0
1241 1397 837 73
870 1058 61 172
1463 8 17 0
808 603 0 1218
1114 1241 171 0
1126 346 1269 0
426 1033 1241 0
878 73 0 0
92 308 93 0
941 647 198 13
979 1043 34 0
1203 8 847 0
424 1232 1017 1521
1463 583 824 0
1114 1030 1197 1450
13 1241 117 0
1573 847 1251 0
251 422 1540 236
1 1516 505 97
1226 212 54 0
126 10 418 1314
896 1227 670 171
690 1335 826 0
1135 897 187 73
1303 1419 0 0
111 337 474 876
405 953 1162 0
733 456 95 309
1242 285 574 0
125 147 175 97
1203 912 1306 0
1540 121 1612 717
505 966 1245 0
87 1145 118 0
905 492 238 0
872 1463 17 0
1496 9 1026 0
424 305 301 0
1501 38 0 0
674 973 0 0
134 329 720 1446
209 1246 872 0
681 957 704 0
821 1241 13 0
1218 1204 1301 1164
805 505 128 0
85 1321 1461 0
79 1135 0 0
0 599 1054 0
50 1188 0 0
88 1 99 1136
109 9 1597 0
1213 238 701 423
238 727 927 0
1218 807 1582 1123
171 94 127 0
1241 974 312 0
289 435 1077 510
411 1342 1251 443
1419 763 0 0
106 306 213 0
206 384 813 0
54 5 1308 0
111 49 258 145
126 256 279 0
779 779 1513 0
746 1386 1583 435
90 682 487 546
60 483 623 0
54 979 633 0
109 1232 505 164
517 592 337 251
670 779 796 0
1597 164 1265 0
969 252 405 805
1026 152 1080 626
127 769 573 0
872 199 751 1251
735 525 252 0
514 716 1036 687
1143 1143 322 1364
1257 1143 75 1241
514 1465 88 0
92 788 663 0
1213 1089 103 381
80 1070 1484 0
126 1165 127 73
960 700 1597 0
670 199 94 0
1307 178 1484 75
848 218 0 0
86 6 116 0
926 1583 158 1475
722 1352 10 117
0 587 595 94
79 1058 56 0
58 461 122 0
124 788 1207 10
1599 1164 773 367
1241 520 849 0
1241 1464 1168 151
1213 942 0 0
1218 152 1581 71
1218 348 58 1173
540 207 162 242
411 254 367 0
1251 1118 1 0
90 778 311 158
223 1307 676 117
292 750 925 0
56 1412 0 0
1126 932 846 762
1201 515 30 0
416 1244 1141 1303
1080 632 642 344
1451 21 102 721
79 1600 971 514
358 1033 88 0
1521 1540 692 1516
209 639 753 1419
882 134 1068 0
152 152 164 0
495 31 732 941
126 905 215 668
1530 762 670 1241
111 916 1495 252
1517 561 1149 0
938 537 229 0
1347 1162 504 7
1041 419 64 0
2 141 76 0
85 760 198 152
670 1463 344 497
425 1202 1492 0
1338 305 305 1241
485 235 1238 308
1499 994 106 642
144 1202 971 0
1419 1164 147 1531
13 140 12 110
1089 1246 121 75
107 193 94 214
799 680 1123 0
92 332 580 337
51 1402 912 599
1201 1016 1033 0
1089 814 1421 75
1218 147 1101 746
202 1602 988 212
67 987 1463 116
126 892 202 7
92 216 1218 960
960 700 1204 0
30 245 1055 23
435 405 1070 514
813 1327 672 0
88 152 0 0
147 1228 111 0
935 1071 0 0
8 73 259 0
1603 1264 152 0
824 341 124 0
670 821 75 198
209 1066 282 1291
171 1126 92 1323
1303 348 75 1303
1251 1389 776 0
1269 1193 165 0
1114 93 0 0
12 1297 0 0
71 666 76 138
826 1241 566 99
900 159 975 0
789 691 99 0
352 1412 643 505
152 1164 187 0
1521 256 1056 10
30 1252 1235 20
234 1556 1290 0
848 482 106 222
1218 1380 990 0
1241 811 386 0
1089 1547 57 0
126 1246 0 0
75 1583 912 427
227 110 1063 436
775 1489 624 1337
134 147 1265 753
1149 701 1187 367
1334 762 1441 0
1006 564 777 1219
229 1344 1026 279
99 227 0 0
277 1565 1337 514
113 1342 872 846
212 749 61 0
537 414 350 0
53 1488 54 169
20 1304 18 0
305 140 0 0
126 26 247 0
29 1302 1602 0
760 1045 696 0
215 792 90 0
301 13 1323 0
978 1386 329 0
1114 881 1451 1228
1350 303 837 732
788 221 301 352
413 1581 92 912
1582 1607 1457 1235
856 1019 171 245
491 1228 913 858
1376 869 0 0
423 1464 0 0
978 1503 254 0
463 269 0 0
1386 734 222 0
805 676 1187 253
753 1129 674 900
1376 887 969 0
1206 238 1167 514
1446 994 1599 0
839 155 86 0
1066 124 435 0
186 897 1232 0
1202 394 826 0
785 648 356 0
0 439 286 110
514 1344 0 0
1466 971 429 0
1070 79 991 701
222 689 697 75
157 73 111 690
1530 1164 152 0
848 1337 599 1218
144 1241 9 905
1343 8 0 0
882 1241 1 0
998 75 124 0
954 126 1154 0
5 1241 55 0
117 722 1344 92
1551 1507 1241 0
971 1006 13 0
1201 473 905 839
99 1531 1397 0
969 520 367 0
1565 969 413 0
253 593 1242 0
690 1122 352 487
508 610 257 1231
61 1019 152 0
61 1164 1228 0
929 1488 738 0
1173 1244 1551 0
670 10 912 1315
1468 1049 305 1376
753 1008 1142 0
86 1396 1338 0
149 1467 897 291
1461 422 497 0
305 1262 259 185
755 496 1028 1564
514 240 1301 0
1480 304 171 0
1517 198 566 1567
670 1330 85 0
352 49 1246 1028
303 326 674 0
227 813 1384 0
30 640 1090 1014
14 1227 0 1206
735 1241 1228 117
1107 481 71 1089
539 1241 1077 337
18 1241 60 0
1386 1464 1330 997
1517 141 1524 107
1066 1463 904 0
514 1565 152 1258
14 542 1334 0
0 252 337 1202
367 1435 131 1573
384 1481 197 1201
1517 394 942 792
126 585 566 1017
1123 127 849 0
881 514 663 0
1517 806 215 0
183 80 970 0
354 1241 186 0
514 485 0 0
0 1058 1246 343
935 1460 1376 0
1257 1241 305 0
1080 966 48 1231
0 0 0 1241
1449 1495 574 580
1 1033 994 0
487 525 279 1513
976 1546 0 0
274 1179 814 912
1397 1056 1085 0
1 75 111 138
367 1352 235 1460
800 1500 1585 1118
756 1232 90 0
756 1409 70 1531
7 1534 77 73
1457 1276 1307 303
75 1241 1187 451
461 122 1597 0
1016 274 1252 0
1273 120 940 0
1335 1241 183 0
303 1232 988 0
691 288 894 187
161 274 542 1258
1269 1575 1384 0
213 659 476 125
1241 756 54 0
1261 165 0 80
935 34 895 1085
481 360 935 1162
486 1241 80 0
88 712 1016 0
350 897 823 1303
1530 1244 75 80
370 1344 1241 0
485 1298 572 1334
1419 140 1444 1419
337 1304 251 1041
670 857 151 102
847 676 539 0
912 848 1272 0
94 929 0 0
235 990 915 1241
1213 217 969 405
1066 165 916 1010
54 1045 1143 0
1468 508 458 0
484 641 50 676
599 1582 1072 0
1364 569 406 128
128 853 554 0
160 524 0 0
50 1241 1016 116
1369 1528 1060 1246
668 805 595 329
872 318 341 0
1376 10 655 1573
1517 742 966 0
670 1421 1356 2
935 1304 1235 1299
1045 140 1603 979
231 89 1052 0
897 690 0 0
174 14 1187 0
1241 235 435 1037
489 1113 158 891
0 8 1352 305
1463 1309 1392 0
846 1338 1554 0
88 15 525 0
305 847 872 0
354 1424 123 1564
87 756 120 0
1603 348 1005 0
988 755 1077 0
127 1193 0 0
80 755 75 1138
16 1164 657 1402
1036 1241 837 0
691 1393 0 0
1080 681 10 172
85 549 116 0
308 95 2 0
90 1246 0 0
1334 152 940 0
198 138 916 206
663 165 762 0
0 259 1164 413
5 279 1123 79
1501 1501 1457 8
971 952 7 0
193 913 1164 187
722 1582 988 0
90 155 773 141
186 608 674 0
17 98 280 214
1376 1097 411 788
773 235 1033 0
905 17 362 152
125 1161 689 0
124 663 279 235
1265 53 988 0
491 872 178 0
1077 1573 668 0
1239 1438 1246 0
691 57 537 87
1080 322 1542 1174
32 1364 1241 0
1089 1324 89 0
1228 1178 872 0
69 138 1376 0
127 514 1386 1257
753 1135 1037 307
670 792 1227 628
779 756 839 0
811 2 76 0
57 604 897 0
171 1358 747 1338
1517 281 595 0
1560 65 1316 37
1 125 663 1241
106 1441 308 643
1348 1260 356 0
1041 671 814 341
1338 183 0 0
1162 1256 80 0
521 1027 218 0
86 158 1517 0
140 1252 5 183
87 1463 50 0
804 912 1298 887
779 423 849 1096
1126 1182 504 991
1466 218 80 676
482 394 202 144
70 1408 269 1213
301 253 1265 193
1026 529 301 913
856 1168 67 0
566 93 79 632
826 1246 1187 514
206 972 550 0
54 599 905 0
60 1341 539 75
0 29 189 1213
1556 798 84 0
764 1565 0 0
282 1164 369 0
537 762 6 0
912 1246 0 0
505 348 1149 0
1143 521 1270 0
451 1336 14 1160
1143 424 183 152
1246 1164 319 281
856 1241 0 0
320 117 0 0
856 663 94 0
367 792 6 0
1143 873 118 9
12 305 557 337
904 514 175 0
805 111 873 0
1474 1062 1164 544
1500 406 0 0
124 847 238 116
856 75 643 1303
1241 398 280 514
12 980 493 843
1333 986 841 84
206 1246 0 0
50 910 210 820
332 232 446 1377
186 682 1126 0
202 6 1474 0
317 1150 253 152
0 1107 213 183
1231 891 514 0
274 482 1307 0
1 1602 847 1291
1246 625 1411 26
1 891 848 0
90 1241 7 76
56 70 350 0
1376 997 1162 0
905 1586 1465 1391
1421 1358 1603 84
1056 1259 443 0
691 1409 93 0
122 1389 716 0
16 1241 1500 542
900 280 1179 1232
962 1248 1227 238
26 75 1241 0
0 0 0 0
405 1087 93 0
56 1246 883 2
411 12 856 65
117 1242 517 93
75 562 872 0
0 670 905 158
670 966 894 0
1206 282 1170 201
411 121 1039 56
431 813 75 1603
234 1241 1251 0
912 668 0 0
886 75 788 0
76 698 8 126
1500 55 6 0
144 1232 1251 0
0 7 352 505
88 919 792 1467
1227 1501 913 0
1059 1190 257 992
1114 1327 71 1540
305 1531 668 1241
61 259 1086 1045
682 108 1014 0
308 525 1391 0
337 367 713 1464
1114 274 274 335
1041 757 1374 889
827 1228 663 56
696 56 882 1052
215 971 79 0
350 1232 722 485
911 277 599 285
1125 1402 1232 0
826 206 251 1386
969 63 414 122
1565 410 859 0
572 836 882 0
37 184 93 0
73 1248 1526 0
1494 1343 1077 935
212 274 75 439
687 798 1292 0
991 60 126 0
1491 1207 839 0
2 1164 0 0
931 1206 26 1228
897 357 87 0
198 849 253 158
51 1164 280 169
44 792 0 0
882 986 1337 1246
698 1241 73 0
1 274 126 56
514 514 0 0
2 748 602 773
839 177 779 0
573 75 1462 0
1089 1225 1218 676
76 50 0 0
1291 423 649 1303
447 1330 152 619
997 141 1201 55
1467 37 48 435
252 1232 1241 0
10 838 202 0
230 1462 286 1492
761 738 1152 1204
1273 1308 155 0
1026 131 1286 1123
1225 123 436 0
997 484 169 0
905 441 235 1495
1056 812 1403 988
111 1066 1513 0
1107 43 1468 579
252 891 0 0
1264 1228 80 0
1036 238 14 0
13 905 1026 971
970 1224 712 1075
1213 638 68 1268
189 1241 1041 198
1241 849 1445 234
912 788 1126 0
344 849 352 1251
532 478 912 1303
126 217 183 0
912 152 848 0
1597 1227 575 0
792 812 211 99
1045 947 0 95
1037 1329 217 0
792 274 57 1232
514 1265 1464 0
117 893 541 0
1190 880 608 0
95 1135 1461 235
182 581 71 0
235 1331 938 138
426 988 970 0
1138 1123 0 0
1106 1499 223 277
1123 75 1135 0
856 301 301 0
217 95 178 0
1077 288 307 50
1337 792 1079 343
423 978 141 238
1244 405 642 0
367 274 99 1292
357 756 20 0
80 1203 0 0
913 1533 1350 48
161 1356 689 0
847 1571 1516 739
187 690 670 1603
20 682 1347 532
109 1307 10 0
158 12 451 847
393 708 221 0
447 478 185 0
1463 165 986 0
943 152 79 0
1218 1496 541 748
1172 796 84 0
1344 517 423 0
73 305 405 0
839 305 1239 259
1443 514 682 352
0 599 221 0
56 1598 163 406
1070 954 75 1303
978 1160 670 0
79 57 0 0
1066 346 305 0
155 1164 0 0
952 767 916 87
92 1597 1332 206
1077 497 198 0
1138 1258 1501 0
497 1354 317 0
127 252 994 1241
583 151 869 120
50 722 215 206
341 67 952 0
386 428 1246 73
660 1386 1241 0
1135 151 1241 1364
1540 1431 575 1467
286 1445 1328 1603
99 560 394 0
117 349 87 1451
1256 237 0 1058
1135 1129 26 0
87 1431 8 0
590 454 1201 792
1251 85 95 0
221 603 1066 0
1058 17 1246 70
663 1151 878 97
670 274 1213 1109
1441 221 289 168
1201 1023 247 121
385 14 231 0
101 1242 1072 85
668 1125 48 0
56 826 757 0
1391 1241 0 0
1603 1546 763 0
976 953 73 1530
424 80 357 350
443 790 1560 1303
1598 1179 1232 839
138 745 1344 729
127 305 1344 0
337 994 848 368
92 1423 1090 1441
60 430 0 0
1359 1602 1317 1126
1441 961 0 0
87 1315 0 0
869 1303 79 0
1303 1187 0 104
268 217 209 0
13 1602 258 221
1304 1241 158 1386
986 1089 1409 1252
253 1515 1206 1599
206 320 73 508
1066 357 912 303
1006 676 214 95
991 819 904 0
602 670 222 0
788 56 1135 0
1162 423 1019 1045
1061 1188 0 0
826 1304 633 824
186 128 935 0
1149 1234 0 1300
443 1374 811 1173
87 1 0 0
690 1174 0 0
1338 971 1440 595
426 1453 135 682
1540 776 92 0
1540 760 171 0
0 138 1058 0
102 896 1033 0
1516 58 99 1565
124 469 102 0
0 514 158 505
894 1602 912 0
886 1164 610 0
1510 134 1246 0
58 175 357 1070
106 714 60 0
251 681 1265 0
888 904 1344 0
1228 525 0 0
183 165 722 960
731 1241 704 1107
1164 158 178 0
31 1486 212 761
1173 164 743 560
286 1228 517 0
900 458 1541 0
487 211 514 0
680 1461 1008 424
10 1164 971 0
485 1402 0 0
158 75 1183 0
443 75 0 0
848 1397 663 5
1054 215 423 1246
234 85 187 0
870 227 320 850
0 0 0 0
206 171 405 0
89 413 1052 1334
913 796 1580 0
125 1241 245 54
1248 297 1143 0
628 1076 1172 978
1372 505 393 1061
969 517 966 0
1338 836 0 0
1066 131 0 1337
14 1589 1113 413
1265 1085 0 0
1364 756 712 102
1503 165 48 212
492 590 111 100
76 1325 0 0
484 198 2 0
1537 1246 14 0
68 205 1364 979
178 1246 75 370
238 792 1123 1143
539 1231 212 1089
1052 1232 849 75
1386 190 482 253
1574 743 497 1257
682 837 897 1329
1269 691 1366 0
514 73 54 846
891 1586 83 485
548 102 1218 1201
1409 952 847 0
668 102 54 966
415 512 1566 1418
0 676 75 514
1 916 1391 0
178 716 1304 450
1123 93 870 1467
151 1278 0 0
252 1246 1495 0
182 1176 85 0
1530 1246 1207 0
935 187 550 171
1265 0 0 0
57 515 171 0
58 1088 0 0
542 1412 369 0
912 1228 25 1164
436 205 185 0
298 1117 127 969
979 412 1187 305
1241 1407 86 1402
215 1232 1291 1164
792 790 122 13
1026 1251 1267 1246
352 1303 51 0
788 666 1511 994
1114 1045 122 1265
1551 712 1174 0
30 1251 435 969
346 1323 0 0
905 0 0 0
1094 1241 882 0
65 480 165 493
1077 973 1344 0
1119 1136 0 0
579 235 441 1257
124 1193 0 0
1041 893 0 0
838 824 642 0
48 1303 1470 1139
704 151 1315 0
111 128 0 30
1241 681 746 0
1517 420 1463 0
663 682 0 0
913 1070 0 0
1308 847 197 537
1606 1174 846 0
994 816 0 0
311 307 1433 566
1402 713 1420 144
80 75 960 124
1066 1531 1094 1205
1338 1241 1026 344
837 221 520 0
1307 971 1530 1070
426 1500 1436 0
691 1207 3 22
539 75 424 337
1241 1371 848 0
1026 1010 927 0
663 117 1467 414
54 1431 230 79
1142 842 47 222
259 1241 868 0
435 221 79 0
1300 1232 241 0
1554 762 311 61
1143 939 1143 1258
14 1172 1535 0
800 870 848 0
539 991 152 0
89 1265 1207 0
2 7 1075 1397
1270 747 792 95
0 206 259 645
0 943 234 370
1008 482 122 788
1275 1470 212 204
714 1173 1565 0
1241 701 1129 75
122 79 514 0
1467 1234 0 0
88 1303 341 337
178 1532 837 0
1260 1139 247 1441
1391 744 1300 988
138 152 599 0
668 1201 878 0
1206 246 1164 352
687 1116 88 0
666 214 1251 0
87 521 164 95
259 441 773 0
485 1602 238 1241
61 487 583 847
722 1339 494 0
514 436 696 904
1070 1162 70 301
1246 1070 76 56
1251 844 198 676
508 971 1164 0
981 75 268 1530
981 1307 1146 71
124 1343 0 0
1126 450 517 0
916 1142 727 1251
1173 292 863 0
30 675 1187 0
16 869 425 1158
241 505 126 24
120 1296 435 0
0 1597 215 75
1037 186 1541 0
218 1292 691 1496
1061 543 90 0
238 985 663 1391
48 332 773 1067
1077 1411 155 1602
1172 818 1479 0
872 654 960 292
696 276 91 1375
1308 963 120 0
1077 1327 125 0
839 891 305 0
230 1330 117 978
309 1559 74 0
491 1135 904 279
485 199 1464 668
202 301 919 1353
639 1245 0 0
212 1188 1077 1474
1468 659 1192 151
873 541 682 0
824 756 1059 1495
110 75 24 595
779 991 971 552
305 12 1599 712
527 1232 1334 0
485 1014 642 676
987 1535 865 278
245 604 50 0
958 88 634 0
935 486 414 0
522 1338 94 0
1 1491 147 70
320 837 424 305
846 668 79 0
144 435 6 0
227 124 7 75
1206 1267 451 1135
385 449 676 505
1452 87 8 0
1162 313 633 0
104 1036 514 0
1560 1277 602 443
1119 1495 1123 0
682 1410 587 0
1599 1241 1603 1127
1464 1076 704 1269
981 158 134 1540
385 12 1560 71
1291 1407 599 0
90 458 89 222
848 352 13 0
76 712 1376 905
6 847 1263 0
579 75 1376 1080
1402 756 872 308
0 978 1369 905
960 1503 1191 169
352 1164 593 97
1480 732 1162 0
1026 821 1602 0
1077 1297 73 0
882 102 792 1167
583 1148 1094 0
1364 1246 519 435
1411 1070 1246 405
1463 1463 1415 0
960 405 1172 114
1273 1338 76 0
595 301 1258 0
886 714 520 0
102 1307 70 111
12 1582 1393 1241
779 897 0 0
317 696 1500 0
628 1164 122 238
814 1565 680 0
1052 1129 1287 0
1329 403 1509 0
772 701 261 0
117 1540 970 1530
50 127 1067 0
29 869 13 0
1303 1423 121 682
9 1291 1252 0
1344 152 186 1201
215 655 521 590
1246 731 779 0
108 305 1285 1392
89 1138 0 0
435 1244 1241 988
10 1303 1551 1273
1480 238 405 0
1089 320 1467 1397
2 394 1461 0
1019 514 0 0
1336 552 84 514
1061 485 75 0
90 1045 979 0
808 1246 663 1069
206 214 1540 1070
25 514 10 0
417 576 427 339
792 1246 1114 0
8 1129 1338 872
450 514 1291 1041
2 621 1336 256
935 102 90 0
1500 1091 0 0
424 971 51 257
1072 121 425 37
56 337 217 1334
856 1231 435 0
1089 1490 0 0
147 80 1143 79
405 1199 84 0
57 1051 1061 75
1603 1514 849 274
912 993 54 783
789 276 579 0
303 1481 1206 0
1344 1591 592 0
426 1164 0 0
1226 1496 85 0
868 1089 981 1077
868 440 762 717
988 1143 1075 375
1218 1169 352 0
198 1241 508 979
411 1058 232 435
1402 213 206 0
1023 1533 1541 690
386 338 1114 0
1257 1246 60 0
256 1228 80 0
1056 971 345 281
235 1268 1488 1164
1123 73 1172 276
931 0 193 519
1265 670 76 0
981 132 1251 0
517 887 1276 92
996 525 1089 257
1066 687 532 0
252 1464 109 0
1307 459 1582 124
599 1268 1164 1602
905 1499 676 674
1260 75 1232 0
431 1096 1162 687
110 992 69 900
1089 45 1033 1
0 102 1602 846
202 14 75 431
27 5 6 0
508 1113 165 0
1187 585 61 386
510 172 848 0
1501 1240 0 0
670 1393 405 0
1143 424 1517 0
734 1308 110 192
515 161 1540 0
155 779 739 305
928 496 178 251
1334 788 1564 0
1077 1246 560 0
215 515 668 0
30 987 0 0
1155 1530 51 286
505 443 482 1551
515 109 1376 1246
61 1241 206 0
573 187 1107 1530
1290 186 155 0
557 431 1325 0
254 869 1551 0
1265 821 929 0
485 522 61 0
7 1014 642 1231
792 923 900 1317
1080 1420 70 13
408 757 258 1347
126 257 900 18
847 1602 346 0
508 1116 238 123
2 1199 1033 0
1555 106 251 259
500 1504 1373 482
1480 1544 14 0
26 202 462 0
552 80 1246 0
0 690 158 0
1041 1164 413 0
1359 805 1469 121
497 259 1597 0
566 1026 317 247
1080 845 8 217
1489 597 75 1319
642 263 86 61
935 996 480 0
0 80 921 1126
1273 908 783 155
3 8 846 0
1203 1241 670 0
221 1334 26 75
1003 882 994 0
1148 1225 511 0
1353 668 1050 0
