768 1574 410 0
997 5 259 642
245 75 1492 481
146 595 0 0
1228 583 1246 0
869 1275 0 0
1059 158 154 579
960 789 8 0
121 7 905 1441
1067 497 127 0
847 76 0 0
158 141 543 682
1089 858 0 676
960 1398 175 73
1496 392 1317 0
84 0 497 0
1517 497 849 1116
196 781 1240 75
1499 708 939 988
1066 1612 1074 1350
1349 270 628 1464
1103 650 978 1026
75 1304 1300 0
128 1188 1148 600
668 1137 489 140
1207 1228 491 1582
427 0 17 308
1350 1033 515 773
189 573 1033 0
150 843 1170 1243
552 1246 0 0
1060 0 0 0
352 16 910 891
0 1066 0 0
891 831 1603 0
423 1026 128 848
1232 829 53 696
1267 3 1519 0
1085 1446 1089 666
1223 184 1603 1147
28 151 0 0
1077 384 1118 0
519 0 1273 0
341 848 960 1500
1228 413 882 0
683 754 0 0
21 313 107 0
1084 682 1339 1131
1201 252 265 0
1143 1455 760 870
60 378 1474 1199
681 1085 874 1248
264 482 1286 0
1126 469 1242 0
988 0 514 375
969 1071 699 1079
337 897 254 1445
138 1298 1424 2
1019 197 668 0
666 222 757 722
1483 1500 786 18
929 169 663 0
691 252 126 1241
997 74 1583 1023
75 1162 76 238
0 1067 0 0
1240 1143 1383 0
350 1338 1517 424
737 0 1066 0
1463 927 122 0
541 234 1558 966
1019 634 0 0
1587 1233 1397 415
0 688 0 0
1127 1026 1020 89
350 233 1258 0
435 120 158 1164
505 1139 94 0
1205 30 1441 0
583 905 126 458
276 59 1513 0
814 530 1303 0
668 109 870 1563
913 117 241 202
1573 194 55 1265
1246 988 0 0
0 720 0 0
644 431 274 99
128 245 1612 0
0 0 0 0
1080 1123 882 1571
187 1344 217 1500
136 1102 261 0
1153 280 54 0
1269 1045 0 0
1405 0 978 0
477 1242 1386 0
1394 911 165 872
804 804 1141 284
50 1600 94 698
1342 941 515 0
18 599 1485 0
1451 367 259 929
202 0 0 0
1498 236 1153 0
1361 587 396 561
274 400 0 0
0 341 515 303
789 564 354 663
151 140 1497 127
966 964 0 0
0 1233 808 0
144 138 1540 0
1142 384 880 50
1228 88 117 0
836 665 1089 1564
722 985 960 1589
286 303 933 1251
18 152 0 50
1376 127 919 0
426 65 0 0
1603 505 312 735
153 104 1232 0
101 1083 300 0
1228 1455 1409 0
1319 789 0 88
304 764 374 753
29 1396 109 0
960 761 79 149
1309 171 1096 0
1205 1139 1307 1109
80 1530 1140 0
192 1102 649 482
1484 676 1386 0
111 186 521 1106
0 0 0 0
6 1164 1231 0
1133 210 868 956
517 152 682 0
708 29 1232 337
205 215 574 144
342 1374 459 215
348 346 84 0
54 69 169 0
9 0 0 0
978 270 0 0
335 1037 178 0
1061 17 51 0
259 872 1102 0
5 274 46 517
477 138 0 0
746 685 958 2
1308 102 1143 89
525 1243 1244 1018
514 0 808 99
701 374 110 71
1453 123 0 0
13 1565 514 241
739 1602 891 522
1603 579 323 663
1061 1391 839 0
681 966 434 0
897 18 9 0
1222 1400 1232 0
541 837 0 127
0 808 632 0
1366 1464 198 0
107 966 5 0
904 238 1244 1436
937 858 124 158
230 1039 1518 913
916 1517 242 86
125 87 1241 0
254 1077 726 0
562 868 681 505
739 56 517 0
169 1269 757 0
574 425 695 487
1339 20 51 0
205 491 647 0
1096 84 88 165
616 1356 992 344
800 1258 663 0
595 451 916 545
435 108 1287 0
35 1114 1442 382
668 1421 917 1019
1028 243 1033 1603
13 0 125 0
595 497 1516 858
60 120 525 90
788 217 1205 0
1146 1475 125 0
9 1468 0 0
1398 122 882 0
1386 1386 161 0
95 1296 0 0
1246 367 312 0
878 131 310 16
737 1492 72 0
507 301 1275 1235
1595 1304 826 1233
189 929 590 167
333 400 1056 411
1517 8 0 0
487 1137 661 1235
1327 1291 51 676
698 1143 1463 1424
218 114 817 670
1207 167 79 755
517 1052 836 437
79 20 235 690
20 413 254 939
1178 1308 138 1246
461 1334 301 0
1186 1565 0 497
1042 1079 1308 0
514 792 1284 716
904 389 1228 75
739 592 1421 1593
590 858 986 214
1037 1269 293 0
547 1075 202 87
1546 25 329 0
169 0 848 0
913 721 1 73
836 1268 582 0
904 135 50 0
627 848 326 0
775 1066 687 755
1613 277 1154 839
1524 182 968 1062
38 421 824 1387
0 0 0 0
154 136 215 1143
824 1329 508 0
288 89 353 1441
847 1409 105 1303
913 1449 971 0
104 0 7 305
92 579 317 0
1045 758 1251 0
0 0 1246 0
1546 449 215 978
8 12 1240 124
575 539 1036 0
415 1246 0 0
111 14 1392 0
14 1291 3 0
1058 64 354 0
912 1166 193 659
1269 311 1403 0
1301 707 859 1471
411 633 1051 206
666 1076 73 0
514 1242 75 0
212 630 1422 714
205 1143 943 628
1143 1172 57 92
253 1446 461 1484
671 367 362 1026
499 1514 165 923
1315 1231 484 1032
1143 451 1166 111
1241 979 837 0
352 1037 350 73
0 441 1530 140
159 1497 722 521
1139 1058 1397 354
1531 1516 1549 0
541 1295 171 126
539 798 212 716
687 126 585 681
519 1371 671 1229
674 447 1376 1066
256 521 0 0
216 84 751 0
435 772 943 0
155 1228 1461 1077
1205 574 1530 427
613 131 1107 257
929 682 1304 394
1276 383 1273 0
1458 435 1006 75
164 55 1342 712
1266 87 1176 0
124 1244 532 954
978 1260 690 0
367 663 466 1241
152 966 504 544
1338 969 1043 665
1114 238 230 158
303 1333 91 847
979 159 1086 406
193 1033 1589 0
1089 174 559 301
82 1213 158 1087
682 927 1357 0
121 147 0 1118
1272 493 1196 1409
1347 1480 607 1529
536 1077 806 1172
1494 1000 17 704
0 971 0 0
1549 3 207 23
405 981 92 0
174 598 9 0
1019 676 1241 1241
1480 411 119 50
788 746 37 846
175 367 354 0
125 1067 696 0
539 17 1026 954
438 352 70 0
1251 252 1334 0
1303 62 0 238
1565 140 805 776
834 36 222 0
814 1142 979 1597
1240 1030 533 305
583 1056 1484 0
972 577 1323 0
849 701 1021 1391
1075 117 411 1242
1540 1037 1357 720
821 281 25 293
19 969 745 1308
870 613 53 1438
822 75 305 1612
75 1053 1319 590
0 595 0 0
1530 746 518 943
75 547 731 905
610 109 1490 625
1484 183 54 905
595 17 1168 1204
1483 56 1061 25
1535 0 79 0
602 217 554 1463
691 55 1193 0
1599 335 954 0
1187 1213 7 0
80 690 1089 0
341 13 475 0
1246 1057 0 0
39 125 0 0
1258 344 1248 1471
1232 1089 0 1232
591 1517 212 0
217 1411 65 0
92 269 0 0
1329 1500 305 222
962 172 1614 1500
55 599 758 1602
642 276 1497 225
514 1517 0 0
116 354 332 136
882 1291 182 0
850 352 0 0
1517 710 522 0
779 117 350 0
590 1283 46 10
117 205 696 0
646 336 1308 1464
869 158 1173 1600
840 269 1307 127
350 701 121 238
1328 1206 1070 674
536 490 682 18
506 53 856 121
1131 202 0 847
1463 219 1228 1338
1139 224 682 1498
247 3 102 1135
464 461 75 202
0 13 0 0
88 55 1499 350
1101 130 447 0
819 612 1023 0
117 1008 856 1187
128 1118 690 1449
88 713 26 431
904 626 247 0
539 410 1019 0
600 530 0 0
329 786 0 0
119 1362 241 1042
1392 1138 1135 12
1338 511 1112 0
402 202 666 0
1422 762 1218 485
1178 1513 0 0
352 1612 1123 932
916 1484 192 0
270 2 1537 1026
133 292 317 0
892 539 199 12
169 1200 1461 0
1121 254 0 0
487 1114 1552 0
274 628 303 386
1211 748 818 1139
1470 435 0 0
762 795 1014 0
401 1374 427 212
1349 275 0 508
343 5 595 0
350 121 443 1299
1077 913 695 505
1114 1419 938 891
97 587 709 0
663 762 94 0
319 1175 694 1303
1056 385 1357 0
580 1070 802 0
520 140 0 0
339 285 1328 966
332 1475 1041 2
938 245 1583 0
897 152 383 525
435 1246 0 0
1077 652 1149 508
1241 766 1421 197
1201 116 991 788
848 1291 8 587
744 1338 126 599
1241 666 1273 165
110 1472 1530 29
710 419 796 559
935 954 1268 0
698 709 913 1338
845 422 51 425
196 935 158 0
716 1058 1496 0
995 29 837 0
1257 145 971 0
571 823 868 0
789 202 810 522
418 1261 1150 116
988 978 7 1162
419 384 155 690
1306 1139 0 0
1494 57 1541 1246
1201 530 1241 0
1204 538 280 352
79 1058 1135 406
1540 315 202 0
87 461 1582 0
270 979 773 6
522 303 1164 0
1261 525 1020 1273
643 1451 1240 153
968 861 489 218
1061 0 0 0
351 1291 1077 1432
966 1373 121 0
1480 1330 1590 1
107 6 1139 9
0 0 0 0
671 1309 427 312
213 107 63 714
743 1187 95 0
320 848 1602 85
967 1331 1243 144
701 1540 322 0
0 8 0 0
1400 1066 1286 0
152 1603 897 674
150 646 51 517
5 1561 424 1480
517 706 281 600
205 1169 1246 1219
855 141 1411 0
332 70 805 1112
263 1435 0 0
985 352 1201 0
405 1304 1074 0
1246 520 658 0
158 542 1248 893
1308 739 878 1440
1315 81 933 286
1338 1066 0 0
112 7 1142 152
436 393 125 109
144 849 0 0
1467 503 889 887
1133 461 487 367
768 1395 466 1251
1141 1309 344 0
117 77 1114 712
144 528 1546 53
256 1593 691 0
126 0 1334 238
694 379 1259 499
1004 887 120 0
583 423 164 0
1464 447 1241 0
384 87 0 0
1298 12 644 1255
138 1246 1419 0
353 664 311 186
881 891 1114 905
466 482 183 0
427 698 447 1248
1132 961 788 0
1089 976 189 0
47 942 758 1067
0 1269 1077 514
1596 1019 823 1437
744 776 1016 1602
1339 0 1581 0
483 680 341 979
514 732 1599 0
1151 253 2 0
1173 301 632 93
876 1327 1123 0
869 1061 90 329
900 1045 1590 0
1070 682 804 0
876 253 1269 912
981 881 1123 0
1408 99 158 836
1051 243 628 858
1213 16 1303 1303
447 176 809 252
1178 607 238 1037
1 70 1129 0
393 1052 269 0
152 1098 121 0
310 13 577 70
574 1100 648 0
286 80 1016 1246
431 1528 1095 1140
71 1463 198 753
222 1168 1164 0
1072 0 0 0
1241 905 1148 1173
1218 462 1291 0
322 1123 337 0
1395 1118 116 0
628 172 436 0
517 615 1333 76
432 1574 0 88
1528 1265 890 940
1457 1035 847 29
1355 93 1077 670
1 124 0 461
1135 169 61 0
743 122 965 0
110 349 125 0
552 84 0 0
464 916 1201 0
704 362 696 54
10 0 0 0
16 753 1468 0
1308 131 1218 668
643 1143 668 0
608 514 0 0
1014 1201 1601 676
1268 805 900 0
704 52 0 0
1213 77 152 577
1055 1304 748 26
616 1246 1251 0
583 1518 1403 405
21 717 86 0
608 0 0 1077
372 0 0 0
1515 1553 286 1240
158 48 199 872
6 1599 279 1467
109 467 18 199
1513 900 579 1480
642 886 251 882
223 202 20 0
318 1528 385 0
29 0 0 0
37 650 891 0
86 218 1206 0
1347 60 187 0
234 515 585 84
383 75 665 0
348 1247 151 0
869 1058 1042 0
488 0 487 12
200 874 13 1496
1070 847 1582 80
969 1457 1219 1389
819 1531 76 0
147 882 95 670
1251 94 509 0
1552 1242 1213 0
659 80 872 1298
167 388 269 1597
458 1507 1451 0
186 88 897 1196
1114 607 139 152
1056 343 0 0
935 955 905 0
0 0 1246 0
860 731 349 0
966 896 1261 482
467 188 763 0
1555 848 469 0
1148 1419 1137 74
1327 221 0 1530
247 116 896 425
696 1308 1085 0
111 117 0 0
905 525 75 50
1463 13 1241 627
1241 136 0 0
1257 1241 921 126
847 50 789 966
415 1205 887 727
913 414 307 663
0 217 814 0
58 337 1511 152
0 788 10 10
578 37 496 1474
1241 0 181 0
645 1105 0 1464
966 1483 43 869
504 792 152 75
859 1496 152 0
514 1376 152 497
135 470 1235 0
976 407 1304 0
763 891 539 0
329 977 1319 587
1409 75 1236 258
681 1106 178 237
1402 116 1451 0
1080 691 60 978
437 943 90 1123
779 126 342 0
1329 254 352 0
1147 286 60 0
85 737 1 0
246 296 337 458
534 1321 1347 0
367 1241 716 0
1117 508 781 1329
406 111 80 1291
773 90 0 0
252 385 0 0
92 307 0 0
638 906 1240 1603
14 0 905 0
152 646 1228 1298
0 437 712 258
1389 499 590 0
116 95 0 0
1298 12 894 827
8 0 367 0
140 213 0 0
1097 57 80 165
601 182 1511 0
882 94 0 0
841 193 99 1402
101 99 796 0
935 608 7 1045
305 602 839 0
696 0 169 0
913 739 566 856
1148 955 362 1540
1600 1300 1412 178
73 343 0 0
350 87 0 1334
1017 1096 1466 182
198 124 1005 0
487 1302 0 0
303 614 422 116
258 543 1541 1084
1123 746 458 856
159 1148 861 30
1195 668 969 1558
1263 583 13 0
994 1 600 48
1245 722 1032 704
182 1085 18 0
632 510 374 0
1240 644 1604 0
424 1244 117 0
152 1188 1013 0
461 1486 1143 0
593 594 242 631
1586 1228 587 18
1241 221 0 1206
1048 564 40 1583
20 140 1137 169
599 305 0 1500
531 1172 788 1540
1314 1241 0 0
800 87 1014 0
712 1110 308 0
837 846 0 0
981 427 20 0
428 1149 1303 808
105 20 482 287
73 1489 30 1464
1540 1357 756 413
1036 14 150 801
57 125 0 0
1241 1565 1076 0
1052 821 174 0
1417 75 1207 57
126 642 877 1285
385 616 642 1353
28 75 174 0
222 1365 0 0
573 1037 1045 0
48 343 0 279
1 116 1567 0
1070 30 242 0
762 7 426 0
0 869 772 0
634 714 642 0
1226 1522 520 0
140 1021 772 0
350 755 73 1231
1385 685 1602 0
482 846 152 1361
54 732 1164 329
1123 1255 138 542
55 1041 1080 0
215 806 1042 121
226 0 199 111
403 1232 333 756
121 73 229 337
544 93 125 0
669 89 71 839
1052 1449 1338 1246
1258 423 6 1540
158 269 854 1179
1314 1244 847 1241
1356 286 1067 555
882 1172 217 6
60 905 1402 0
114 1546 308 668
1129 1207 1213 0
1445 853 1304 1449
1241 1303 905 671
482 50 960 1601
988 1241 436 824
713 126 127 0
70 820 1540 75
0 1455 0 0
85 572 0 0
106 1574 151 0
628 1234 988 424
980 1048 1066 367
1019 781 1218 1251
859 1077 525 1232
1325 8 258 1228
1056 1503 251 117
517 0 0 0
1135 247 0 0
1242 1452 0 0
1066 819 514 847
1568 1041 0 0
93 726 1312 670
1582 75 1241 716
459 482 9 1077
668 413 1206 221
1314 0 0 0
1319 1123 1463 1098
805 0 0 0
1017 1303 79 71
699 710 445 1228
17 0 0 0
676 140 0 0
13 253 1597 0
56 151 1273 0
816 1467 1293 0
315 118 667 0
175 1585 701 0
1241 1388 1232 797
346 1517 1449 0
605 405 682 1203
1246 1096 90 1480
1269 1235 0 0
592 117 1045 575
690 955 1162 543
0 73 0 0
345 435 423 1483
178 848 1265 0
451 1419 1395 0
1098 690 1409 0
178 316 1037 1467
0 0 0 0
976 730 286 0
1507 788 0 0
931 7 712 377
1241 1265 0 251
1302 182 26 0
1518 763 54 1089
849 1516 1114 722
826 1094 1281 0
913 1164 1019 93
1265 569 55 122
463 1247 317 0
1501 897 102 202
1395 720 899 0
838 0 0 0
393 670 872 0
285 1 0 0
1457 663 0 0
1325 1303 0 0
1457 626 196 345
215 1037 668 0
1123 882 718 0
1537 739 158 976
505 247 70 10
1290 971 1232 0
1007 50 301 1135
0 905 193 0
44 289 1530 450
847 0 75 0
714 1206 541 303
1033 165 1459 573
202 0 0 1246
1241 101 26 75
473 497 61 598
105 0 1241 0
17 1213 554 0
681 1557 814 0
910 380 1066 79
1329 1425 292 350
517 214 50 215
60 41 7 0
1110 863 542 677
997 676 1241 0
218 1346 1241 904
1213 251 1014 1303
451 1263 1338 1551
280 1232 1102 254
971 156 171 0
1 871 189 0
168 1206 1234 1563
830 1338 14 0
717 1248 1077 0
1252 245 281 97
29 522 320 0
839 203 632 0
384 100 1231 435
1193 1064 1162 1077
891 1535 9 0
1464 557 788 1241
1070 243 1321 1153
1410 29 1027 1501
424 1063 0 0
757 677 0 0
595 303 514 253
599 312 251 123
7 451 420 960
58 92 1468 0
13 0 1246 218
170 1244 1459 839
171 497 886 913
1227 1464 337 84
846 644 458 846
1257 1037 1409 506
1509 317 94 0
891 202 0 0
1241 48 0 0
0 0 824 0
1164 1231 48 0
1268 476 1110 539
1080 185 0 0
1483 704 732 1246
987 690 696 0
234 88 453 73
628 959 435 0
55 90 37 0
122 1418 976 0
193 0 0 0
1041 1446 1597 1409
352 1246 1153 209
254 212 870 1241
1240 116 1391 0
61 641 1455 753
85 1061 0 0
1419 753 375 79
1329 191 554 0
1164 1429 230 637
318 1075 51 60
649 708 1464 304
1429 1467 522 1241
515 643 0 1232
600 424 0 0
605 589 1041 1232
477 1517 158 12
931 113 1045 1143
279 1377 682 837
664 63 681 555
713 176 133 870
283 1476 286 0
775 91 1246 253
1058 350 1014 0
1131 717 1033 121
0 185 813 0
411 491 763 76
0 1468 1116 0
1246 882 210 882
7 721 86 0
1463 29 0 0
221 307 406 0
350 66 450 0
1383 766 214 20
428 1582 1376 1149
1364 259 941 110
1525 402 1170 0
1071 42 0 792
238 185 308 0
772 670 1565 1070
89 1308 231 1213
1608 1391 0 110
0 0 532 762
947 971 1151 1540
635 720 555 1325
1261 171 428 235
1565 206 0 0
49 1291 1135 0
1071 0 0 0
1395 140 259 61
234 205 1172 57
172 1602 1044 1204
1461 94 1330 1230
275 923 1088 1041
463 1004 375 1560
954 504 1577 0
79 0 839 0
1456 168 0 1207
1397 798 945 0
424 1540 136 520
122 120 221 0
1386 1492 1243 716
756 90 58 111
1338 405 560 86
6 120 752 0
43 1273 0 0
762 1385 0 0
445 1573 872 213
212 1485 1012 1350
189 1206 579 599
559 493 1246 0
1028 50 1228 1546
971 50 337 1008
172 851 1054 0
86 128 600 0
8 1431 152 240
140 122 856 0
342 971 286 0
18 1253 13 0
461 1079 1211 757
1056 390 53 712
668 1273 396 822
1199 235 304 1356
1246 514 9 916
1061 1480 1605 138
1474 1012 1303 1383
238 0 704 0
739 575 826 0
960 491 981 0
0 716 0 0
876 80 461 0
344 889 537 514
136 119 26 79
1549 706 76 1167
57 116 253 0
1500 347 221 682
690 587 1112 0
512 1080 593 438
1609 102 135 0
48 150 1067 916
1240 133 0 0
85 1246 910 0
93 1187 341 165
1241 550 147 337
152 473 491 698
1570 1222 1364 0
916 1074 84 274
966 121 253 110
1143 279 29 1080
368 1121 720 0
1419 171 0 0
687 910 1463 1338
707 1424 17 1246
1168 1246 846 0
71 1160 125 0
1009 0 0 259
991 1308 73 927
837 84 254 642
1598 6 818 1318
54 1386 1295 1507
1480 1246 0 0
339 643 1583 293
783 0 0 0
681 788 1228 362
76 747 1164 0
348 1097 798 316
116 177 1265 1248
988 691 814 0
1241 0 670 0
756 1074 1392 0
1102 659 731 0
1135 286 1266 1575
1026 255 1602 0
87 670 12 1231
1250 187 80 0
393 1501 15 152
1036 79 169 0
0 73 0 461
964 1241 1123 0
636 1246 599 0
1323 320 1315 0
406 1162 74 367
0 155 0 0
1408 285 46 257
1066 929 45 0
1450 0 670 0
1602 162 1206 1397
908 1344 821 0
217 917 849 1188
979 1011 345 0
514 1375 1037 1468
1205 496 1251 0
213 895 425 0
1061 388 0 1228
1500 721 339 0
1414 258 1162 1540
699 505 805 422
1605 101 1152 1459
861 1517 1032 76
422 2 680 76
51 222 772 0
1213 209 0 0
539 1052 1135 731
151 178 935 0
205 898 1239 821
1445 731 22 89
891 1088 1320 0
13 966 0 0
1441 469 1241 0
1288 193 1239 0
1338 14 60 0
1037 0 543 0
1218 1241 539 225
1273 538 205 786
869 0 85 0
1513 1449 891 0
511 151 126 1218
858 213 58 1141
1135 146 1132 0
1431 305 897 0
1598 1241 1302 196
1019 394 1257 0
75 1597 1107 0
789 797 369 670
658 1241 671 0
945 45 786 0
1143 574 243 1386
897 350 60 218
80 1026 663 1435
757 1546 574 1063
1102 416 704 1081
994 1398 0 602
275 80 1203 497
145 10 154 1338
633 515 0 0
384 90 940 0
600 1070 905 274
1241 1448 212 1257
183 0 0 0
1327 1420 602 780
244 1071 242 0
486 280 979 1241
1244 155 213 435
1252 1115 286 0
1044 774 1232 552
983 74 891 224
534 405 198 772
668 1315 221 0
952 1273 0 329
30 1370 217 0
528 770 1424 0
680 81 1472 88
511 1056 181 1070
367 1201 352 0
1125 1323 1213 1251
1232 759 761 259
592 133 212 1207
468 0 504 0
75 329 108 978
849 1246 10 235
572 602 92 0
1018 50 29 1464
246 889 1183 963
905 913 1295 0
1006 630 1520 0
1092 1006 789 1342
1330 690 1570 663
882 1008 520 0
1218 937 1123 856
158 1468 687 1067
127 489 839 921
763 1470 350 670
1597 73 0 0
342 701 1344 827
151 973 779 966
515 934 1017 539
797 323 1088 1135
1534 676 222 0
172 886 183 0
717 981 570 1327
1269 1180 1551 308
1496 209 13 0
726 704 1036 1463
1153 159 1613 138
747 752 820 41
0 1160 0 0
222 48 838 0
1133 1290 87 1540
159 0 1419 0
695 1164 1507 0
358 804 0 0
312 405 1241 0
691 636 292 171
185 1240 182 1241
1306 151 253 344
1081 0 0 0
1502 491 615 1565
221 1232 1304 0
1385 485 905 890
664 1056 1583 109
1429 0 0 0
1059 524 0 0
1228 978 966 971
26 1505 0 0
858 54 1056 0
879 0 0 691
617 209 777 276
834 435 1121 75
668 890 1513 121
122 259 79 0
126 1257 889 136
861 1287 847 0
497 1107 1143 55
601 995 0 0
628 102 955 0
897 80 1060 1143
257 961 1552 117
286 79 30 0
0 152 0 0
1148 1344 1441 120
522 942 772 602
286 981 1016 0
995 58 1431 212
1067 187 1251 0
286 1500 836 0
58 87 1041 1520
127 429 1303 0
394 437 1574 0
786 574 904 221
198 131 192 1112
486 1037 854 1206
698 350 1199 0
838 827 888 202
1338 1054 0 0
1070 964 676 0
1323 294 60 0
871 169 825 1067
477 1048 0 0
1323 101 234 0
1587 24 1436 478
1026 94 868 20
1597 1438 0 0
1469 1342 1515 435
582 232 1241 0
514 1270 75 0
232 1241 346 0
1267 1364 1008 1143
0 0 0 0
633 222 1308 95
1177 789 126 960
413 991 1287 859
1241 343 1495 0
1123 1480 0 0
169 117 681 0
282 648 367 140
405 482 663 192
1613 110 1142 681
1540 1582 1231 71
1114 813 1301 1089
476 122 1054 722
101 919 411 496
1303 762 1173 0
12 623 1154 943
1540 441 932 119
158 1531 121 1194
190 1089 87 640
1020 434 1248 1017
155 1409 508 259
75 1257 1 0
541 905 345 0
822 1201 1353 0
773 542 504 701
1107 35 811 75
722 339 1559 286
164 643 1517 0
1166 549 109 1056
56 792 813 0
352 9 206 920
88 514 1017 0
1118 1154 1516 0
519 1242 447 1028
1338 879 1297 0
1232 860 1178 0
1397 501 317 846
2 102 942 0
1241 221 0 0
642 514 514 0
111 1438 1241 0
178 1069 898 1245
668 1500 1411 0
0 905 152 0
643 1269 1303 0
249 406 396 1242
936 1251 199 0
1495 341 398 1419
386 717 337 847
1000 973 552 663
1026 238 124 7
1537 0 0 0
1232 690 1039 0
1317 424 0 792
348 199 847 0
525 113 971 1453
206 29 905 0
357 37 1150 107
1502 513 979 427
639 701 151 751
709 628 1546 0
461 1123 843 0
591 712 0 0
976 1265 1196 403
1141 905 69 0
368 76 0 0
1258 868 1338 221
839 1232 0 0
882 17 142 0
1160 1612 1045 0
25 73 435 138
613 289 703 0
1241 301 1291 0
581 1016 1141 0
213 848 0 1484
448 1570 71 118
839 1421 1522 29
1379 126 423 1246
58 1402 350 0
1398 1464 80 1480
1147 247 1461 0
1016 928 943 1597
701 841 465 20
106 1253 0 0
519 80 1228 0
341 826 305 1114
1246 1393 826 218
183 10 789 1265
368 995 742 0
826 858 1151 0
960 1122 120 0
904 1484 886 0
320 23 383 1246
633 89 0 75
0 0 89 0
545 818 717 1066
1128 76 0 0
0 0 0 0
26 1436 1409 0
966 75 839 1101
1602 205 182 0
393 0 0 1248
986 1014 0 0
1451 70 514 0
882 1540 1228 514
162 935 1157 0
696 1510 29 1303
1114 880 240 1066
324 288 907 1289
427 1016 102 0
1114 846 1431 0
254 238 816 665
907 1116 1612 1486
110 712 515 16
579 1517 73 0
971 1313 26 1575
979 1336 1077 0
614 904 722 599
338 322 670 669
1041 978 1269 17
1089 839 0 0
1548 128 0 579
178 1028 0 0
716 884 403 384
0 870 966 0
150 1093 701 1496
1269 681 13 212
1593 435 1564 1300
411 144 514 504
1032 1232 573 865
126 654 386 1446
1135 1599 1273 0
1061 1246 1337 0
1041 633 539 127
432 1083 657 352
755 1229 676 0
105 1012 1426 1187
193 13 1599 0
106 221 1228 870
521 1235 58 0
714 785 216 1499
994 896 231 0
1613 0 1273 0
739 945 974 783
954 1006 1135 0
217 368 0 789
215 75 1112 628
362 981 792 0
54 1429 1300 0
881 1549 133 152
215 712 1535 0
1076 1241 0 0
517 940 46 0
912 215 1497 183
151 484 405 205
60 624 0 0
1315 539 387 1121
235 1568 514 753
1409 1019 1241 0
670 1218 966 0
756 0 343 0
1489 242 1445 0
1359 1530 379 1089
905 172 13 1558
739 251 121 869
108 514 0 0
712 900 274 0
887 287 1419 628
523 485 856 974
111 590 668 12
868 785 213 0
756 165 637 164
1314 0 0 1496
75 668 293 0
88 634 517 0
884 1188 95 0
1391 1014 435 0
217 57 1488 0
1496 0 217 0
0 0 0 0
660 0 1251 0
1196 1240 1315 0
482 1218 736 1265
796 141 102 279
1109 823 1347 0
186 1188 1114 587
531 1347 1313 1246
1109 212 76 1017
182 0 0 0
838 1114 1530 102
1213 971 0 0
199 1246 1070 822
969 58 386 215
284 743 716 996
1257 18 722 1041
268 152 1513 1218
14 1454 944 295
1080 838 818 1602
218 111 1573 58
415 790 0 0
92 676 0 0
125 1263 0 0
0 241 716 541
929 185 1037 0
0 0 61 0
643 960 393 859
0 277 1471 0
99 390 872 734
129 637 1338 755
1106 767 1251 94
1421 824 213 976
165 247 76 9
104 1511 1540 514
1205 1386 482 839
1395 104 1080 1255
0 0 384 0
188 1350 338 238
9 262 966 847
957 1022 41 1154
1357 994 155 663
0 458 1123 0
608 1251 0 0
1233 1089 13 0
58 733 888 0
423 25 552 339
927 126 1164 0
1114 87 367 1251
1342 7 950 0
117 1241 1251 687
1143 311 178 0
61 847 0 0
251 159 1393 0
1455 0 329 0
1329 64 106 674
338 1252 670 0
722 310 849 1500
1077 913 144 896
1206 70 1345 413
1336 1080 194 1524
1513 335 1246 849
350 731 75 215
17 1467 1201 0
159 203 0 147
1277 680 0 99
115 346 504 913
553 0 870 53
12 1174 843 542
670 1501 0 1080
7 1583 207 1501
706 1370 169 1558
1364 779 1251 0
905 1107 123 0
839 994 0 0
878 3 976 0
223 273 992 0
1302 242 1381 128
1107 1241 1464 0
1240 1079 1554 491
602 472 215 583
0 0 0 0
552 837 0 0
58 238 0 0
962 1593 1201 762
1283 0 905 0
56 120 61 0
792 1183 960 0
640 525 1361 1052
593 200 109 1415
821 954 73 0
16 499 0 0
20 712 1369 0
763 1531 0 496
1560 86 884 0
1241 1409 174 0
839 193 699 1006
1139 1308 763 0
854 1559 451 8
913 235 195 1030
1265 17 1045 1468
10 514 1302 668
1014 9 152 178
90 1080 1241 1149
1334 731 1100 756
1395 122 42 0
1500 304 1077 704
47 592 234 107
94 1107 1246 0
61 1153 1336 0
1043 1411 0 0
75 848 1573 882
527 905 0 0
491 117 1164 0
1317 838 0 1531
1205 964 670 121
853 1480 413 0
1037 1241 291 1004
1517 79 698 0
1338 1491 76 1376
12 979 1407 0
1162 953 1603 0
960 1460 99 0
633 95 1205 0
1187 405 808 435
435 882 0 0
628 856 756 206
716 90 541 402
562 853 961 1070
411 823 1158 0
846 1069 56 0
788 1541 688 0
1241 1273 1056 0
1058 514 171 1228
234 848 1114 318
48 1143 1049 0
1139 158 1513 1026
1201 698 803 42
370 521 1338 0
627 337 89 1540
12 251 164 120
1123 1086 1129 0
1303 136 1291 0
431 0 772 0
712 305 138 0
89 164 621 1552
1537 7 750 1213
337 992 1375 0
808 1132 1411 1061
206 341 103 1602
1565 1204 118 1513
1344 519 335 0
840 71 1084 0
838 757 60 0
1269 951 1251 0
882 1232 1344 117
942 703 259 0
847 1184 1049 0
1446 287 670 1327
124 1443 0 304
307 279 839 874
1433 927 18 75
1480 966 1470 84
966 1507 847 0
1149 1387 1514 0
95 238 1551 1464
218 308 628 329
0 436 0 0
900 232 117 0
1516 1603 0 633
127 385 29 6
632 1468 178 714
1143 75 253 1546
831 1094 79 1463
560 1350 1558 79
564 1541 0 0
1540 1041 763 487
410 1511 0 0
1308 75 1603 230
966 746 1316 1468
37 847 1492 0
1218 1135 1359 285
0 0 0 0
221 159 0 0
1603 1582 599 189
91 521 1092 0
341 1375 367 0
517 668 0 169
1164 234 0 0
411 1530 1376 0
0 1603 411 0
126 236 61 12
1315 126 17 196
54 234 1434 0
483 134 118 87
403 906 18 368
18 1058 1376 1148
500 963 1256 1325
1242 1494 257 792
1094 560 1315 0
222 85 99 0
0 0 0 0
1344 254 0 165
868 410 116 0
1164 541 690 849
11 1164 178 0
776 410 1246 753
0 0 0 1246
1032 994 435 106
1242 1321 1282 185
92 491 789 183
26 76 182 16
70 1241 894 182
75 505 1540 592
58 514 0 0
29 159 487 623
23 1036 983 813
401 1427 1311 1002
2 56 422 913
2 1332 256 1273
1164 913 1241 1199
681 663 221 759
144 521 73 0
898 437 1338 121
910 54 1540 505
132 989 3 872
1149 1067 337 152
1021 905 350 1218
23 274 1374 1303
731 1148 413 168
1374 1045 625 367
270 48 1459 681
215 116 50 1037
85 89 1232 1386
872 186 858 0
19 805 37 663
232 712 1241 0
117 123 0 0
1614 514 847 1110
0 1241 1133 0
247 1135 1232 0
1014 1500 0 0
1240 109 209 716
436 0 1158 0
1242 132 120 1238
497 0 1308 1241
238 1033 379 0
209 193 1484 0
845 971 1384 117
1273 632 981 245
1076 256 450 0
405 0 354 0
899 1511 0 0
1551 876 1070 0
1129 403 1110 668
847 419 916 1241
1451 1553 910 762
1118 321 517 0
1152 198 0 411
150 683 645 0
1330 45 1457 76
1590 994 970 0
104 232 1376 252
485 1152 258 956
305 1391 354 354
102 1540 218 219
1314 1484 0 0
110 1138 1303 696
236 350 574 1242
333 1273 1050 1269
406 67 75 704
1087 0 0 0
180 286 1474 0
1116 1240 1279 682
674 1089 1352 971
48 262 583 0
435 230 0 0
537 859 0 0
756 1359 907 1419
0 1257 50 0
872 641 124 0
1093 1218 0 0
0 0 0 0
1502 425 319 1480
222 1218 120 0
221 1046 0 0
1241 0 0 0
87 690 913 1303
154 828 1243 0
1419 1114 99 0
1254 685 1395 76
704 367 341 554
0 0 0 0
347 1101 1162 1316
696 235 696 1437
1019 51 128 868
1591 417 521 1316
1581 985 0 0
1342 426 0 0
292 337 6 1522
177 557 1371 308
612 186 0 1123
738 761 91 904
403 870 8 0
882 65 111 0
668 566 146 1265
123 1052 1070 525
368 879 1177 0
732 1437 514 868
208 337 1029 165
819 1366 0 0
762 514 1261 212
1411 1251 172 0
1272 222 894 0
1232 1162 0 0
185 755 199 0
215 1238 371 422
607 1488 762 649
1143 125 107 1251
187 537 7 0
1257 403 961 174
1142 388 183 158
0 1530 514 90
0 632 599 0
1332 305 269 793
199 1521 121 94
576 891 994 0
203 0 0 0
514 0 0 0
162 91 354 8
50 1449 434 48
849 298 916 183
155 556 841 473
152 246 29 521
1080 26 94 279
517 676 1291 0
891 238 79 0
922 10 1315 0
1582 158 1500 79
141 144 762 1066
1162 1268 1612 0
776 1451 198 0
981 778 13 0
886 346 51 1056
1236 1322 1112 628
960 367 815 0
1014 850 292 1564
1530 258 520 1583
192 731 1213 0
716 245 238 0
1317 694 216 593
8 1386 1207 775
581 573 1513 158
73 92 0 0
753 1468 121 887
128 1269 1232 0
19 207 2 899
1094 1376 1241 1241
94 856 1096 86
897 1321 172 1207
753 61 1114 337
63 1461 350 732
632 1135 912 1607
405 125 668 0
134 891 1593 712
496 916 125 1162
1546 1307 777 0
215 936 1107 0
87 2 0 0
2 1597 0 0
830 52 0 0
1338 73 1568 0
172 1231 889 329
1371 6 579 472
1052 1582 1590 0
1009 1141 70 539
184 232 1530 1590
66 978 1070 1336
10 1587 350 0
1324 90 1240 0
766 0 30 991
572 98 1039 942
0 0 0 0
981 1467 935 125
252 1076 1613 1248
513 16 831 563
514 75 1026 175
743 1148 305 0
90 1114 537 73
85 0 0 0
1304 415 75 0
623 1604 0 0
708 253 70 979
773 1401 861 1419
56 827 1546 0
38 691 0 0
871 254 0 663
689 7 341 0
102 110 492 1241
585 212 0 0
810 702 1300 1303
1330 188 59 1244
1338 1080 424 0
1605 722 1241 518
60 1258 385 1180
415 1375 0 0
941 913 1066 1585
1376 345 1087 0
1461 1190 0 0
1357 927 668 1302
1234 1478 405 153
1347 1231 234 474
1223 53 1421 1239
106 514 560 0
869 1265 1251 643
990 61 245 0
634 1148 532 26
1207 381 0 436
1088 0 0 0
849 555 1530 0
81 743 642 0
152 67 537 0
483 856 1202 259
663 384 218 1123
542 606 1164 75
681 0 0 0
542 1120 1061 217
49 278 1188 0
1376 122 1601 642
1551 1337 20 0
158 698 1077 88
343 346 0 0
1464 169 1291 1270
311 1465 1211 607
1231 1459 88 423
1143 514 1241 0
333 8 117 0
108 962 73 367
1449 969 753 51
329 90 582 0
1469 1126 426 737
1514 547 1513 578
1252 854 599 279
599 800 1258 792
1187 750 947 676
788 1019 706 0
697 341 207 0
1045 1037 1326 990
71 411 0 0
1480 700 508 0
595 559 1066 0
1201 1344 241 912
0 124 0 0
900 1500 716 0
18 1235 268 0
1118 85 896 0
350 598 169 1599
979 1307 682 481
1083 966 593 991
163 254 1350 1243
1399 1143 0 0
76 58 330 0
1098 756 1464 0
1309 1087 848 813
1086 119 99 872
1341 969 504 1240
405 722 525 514
71 1397 839 0
1179 1164 0 167
1143 1251 92 1241
1497 169 0 0
368 1135 70 799
414 117 80 105
1488 720 1025 0
1261 1503 1480 514
1158 878 983 413
171 535 234 912
1421 1263 482 1243
1041 92 1467 90
0 1241 122 0
1075 1085 1 171
1121 129 1166 1246
927 26 871 1336
436 0 779 0
279 764 910 0
368 324 0 1241
957 94 73 663
1339 886 403 1409
940 607 1311 0
445 564 337 1496
110 1368 1045 0
602 1612 487 385
317 1248 777 1597
82 988 1317 637
1241 966 0 0
1337 1462 354 1257
979 753 215 0
1317 1232 255 0
1303 9 529 1037
1501 1135 991 1241
1241 666 792 447
1514 902 1242 1016
1303 56 1521 1273
1291 199 921 1004
1118 367 0 1241
1164 514 1513 1179
1546 0 238 0
169 849 403 221
75 354 274 788
1033 1202 92 214
447 0 886 0
165 1009 683 0
76 574 0 0
206 954 198 405
1172 196 65 147
902 1123 75 152
245 1347 0 0
704 395 1603 857
1464 868 662 236
28 507 1488 905
1123 220 1585 1583
354 914 886 0
556 935 1251 1123
1172 1232 0 1500
953 80 138 213
1318 38 1552 0
368 593 92 0
1153 703 1094 286
83 280 502 0
554 110 0 0
0 0 414 0
518 753 385 257
1218 77 0 0
517 394 505 1258
209 447 0 0
56 1241 111 0
1431 144 1183 0
849 158 1169 362
1089 95 29 0
1455 0 1240 126
124 804 514 871
61 239 99 792
849 954 1241 0
372 171 767 0
9 681 0 367
587 253 599 0
934 608 352 102
0 0 0 1241
307 1546 0 0
73 579 253 0
76 185 849 0
152 878 1187 1241
346 171 55 0
256 1583 129 58
268 0 0 186
422 664 546 152
238 1089 207 0
295 1350 1233 1135
886 1188 940 198
512 61 213 846
379 16 743 939
877 839 912 0
642 253 1167 0
1296 963 0 0
544 262 109 1009
201 1284 0 0
1423 637 379 259
329 773 1233 1333
814 1589 386 514
354 1199 152 0
464 332 403 622
259 1555 0 0
103 1164 935 1461
1083 730 1438 235
1496 1145 849 0
923 713 525 0
705 1203 12 152
1537 547 913 0
808 841 51 1301
1457 596 281 274
241 1072 1226 37
1306 484 414 1258
325 117 1241 0
18 12 800 891
712 162 102 344
1551 699 1304 1063
632 209 1257 0
1316 1041 206 0
1492 609 1469 1551
84 127 212 0
20 0 0 0
1101 99 0 0
706 514 12 982
1244 1273 1056 1241
1045 1016 1513 1089
1050 1454 254 253
497 57 826 0
1376 984 152 169
439 0 0 0
514 212 193 230
651 701 415 151
398 1204 1203 0
1432 0 819 0
431 643 1548 0
1213 589 848 385
1127 874 341 57
48 73 221 29
886 1100 1126 0
1213 325 111 269
1265 155 1123 0
202 1066 479 0
141 0 0 1206
912 1375 1503 104
935 1450 1061 0
1451 1451 1564 55
1023 0 320 0
55 25 505 171
138 151 1110 288
12 1530 121 1246
405 929 160 386
1389 1112 859 367
633 121 109 0
703 1301 202 753
212 781 152 1603
1110 1164 348 125
935 1063 1273 0
1173 54 84 0
891 0 0 0
212 482 15 846
339 1218 56 1265
239 712 1446 1162
254 487 1334 58
1058 1166 528 291
1123 1162 122 1251
753 200 345 138
1187 417 109 854
157 138 1058 127
109 75 676 1228
1308 1246 0 0
15 264 8 1531
961 50 520 0
123 826 1115 0
1036 1039 1467 413
12 666 0 158
1188 10 1203 0
128 1492 1501 0
1225 1419 0 0
514 152 26 912
62 36 756 0
1492 411 258 1555
1199 238 0 960
519 1037 0 1213
1122 928 882 1560
1395 30 0 0
3 422 435 1532
98 1213 1464 70
981 882 992 0
482 1374 1477 0
1251 868 312 0
779 75 649 0
87 0 1464 1208
103 525 357 1041
1137 1065 444 1304
1484 753 1045 1246
1308 185 80 71
217 1412 0 0
599 1241 1246 175
0 916 1251 411
331 0 305 0
847 1602 1480 213
15 1251 573 472
1480 517 872 160
792 209 136 1089
435 837 0 128
726 1483 1322 0
83 1206 698 431
0 670 0 0
1354 0 0 1135
1303 1380 1342 1546
127 169 680 1246
514 1246 178 0
572 716 1223 998
1184 796 0 0
763 1164 547 0
1201 93 1258 0
453 458 0 0
126 1114 102 206
1492 385 73 789
1519 405 277 789
99 798 1505 1582
813 681 772 17
593 1325 1228 0
580 1066 75 0
183 847 1573 573
517 1228 1530 0
1246 514 0 0
1272 544 151 971
810 1553 994 1303
905 515 0 0
231 276 1085 124
1126 201 573 60
222 1 0 0
602 304 54 981
198 1456 121 0
438 1457 17 1077
639 698 13 0
1303 487 959 0
927 1246 593 341
1152 1597 1026 121
676 859 824 0
1172 668 701 1474
1282 426 962 762
259 1339 1067 95
1105 841 30 222
1260 1213 664 10
0 75 0 0
1227 630 116 969
1179 1276 1241 0
703 566 155 0
337 795 1601 0
1206 422 198 499
1090 1353 352 0
1126 1140 882 0
116 423 245 1603
1354 882 1480 0
544 683 367 117
1480 1228 1114 0
1418 1006 605 0
1338 872 514 367
57 984 650 704
1347 797 1126 1371
187 25 1054 0
97 1497 1371 31
463 55 0 0
53 450 515 846
506 1018 357 0
544 455 882 424
424 820 61 514
183 1126 590 73
1480 521 971 0
1041 1466 1325 54
550 0 0 75
1304 889 1026 927
988 1469 505 1463
659 1469 872 25
1265 836 763 988
858 138 0 1386
160 748 1507 281
1480 720 1228 599
1517 485 1049 1386
0 0 75 0
0 198 301 0
160 643 552 268
0 848 0 0
788 1016 567 0
443 514 175 1246
1043 405 1607 1054
595 424 670 47
1376 0 279 0
696 806 1581 1244
116 1550 128 1382
986 900 0 0
826 508 703 0
1056 748 61 1246
1302 121 1517 0
1066 952 209 605
26 733 1007 1429
1123 279 853 116
1036 76 318 121
1446 144 970 165
1597 253 795 0
891 1252 670 0
1582 61 155 121
346 1547 482 0
796 625 674 10
75 483 364 0
236 272 435 1116
634 1314 179 823
86 1455 75 859
1077 1045 1521 0
1173 1034 1045 1530
1581 526 126 0
51 868 1123 73
1114 394 1252 75
1252 1331 94 514
882 1089 0 0
574 1244 0 0
0 1419 0 0
0 0 0 0
1470 508 878 1232
1228 1213 1313 0
519 461 826 0
1244 0 50 0
361 254 1455 0
910 434 904 899
1612 739 419 0
632 716 423 0
61 788 1376 121
128 1149 878 991
1521 1035 1395 13
1433 575 1232 443
905 88 1247 125
1123 10 260 988
380 0 0 0
963 205 789 0
1476 1232 1463 0
1178 102 525 1164
150 14 1302 699
763 56 0 0
593 1050 1159 550
896 1023 788 0
848 1033 891 0
98 623 1241 0
227 643 0 0
1558 1192 0 1251
311 274 0 0
0 307 0 0
75 171 338 0
1488 1258 837 820
1431 138 501 1329
198 305 1304 590
1218 535 837 12
1179 406 599 0
289 206 514 152
945 280 1484 92
1123 753 595 0
67 579 841 905
1321 1330 1603 884
551 687 1513 0
972 792 0 0
670 158 393 0
1371 367 1241 779
1195 230 106 0
1464 803 134 245
238 994 1612 0
1451 171 1014 0
0 136 0 0
1006 1583 1530 1376
1325 296 1384 1164
350 1218 1165 0
656 311 847 0
562 97 1246 152
234 1067 1153 1242
1195 141 0 0
1338 717 1248 0
847 902 20 0
1004 762 0 0
201 206 620 0
435 171 1252 1307
819 1480 311 89
247 202 1291 133
846 1409 1123 140
870 795 670 1267
1507 487 0 0
65 363 1498 75
1149 1363 0 0
1070 95 986 0
1600 927 1206 1329
684 1311 1232 0
1113 1385 126 0
630 858 303 0
505 1264 1409 0
138 1187 1086 152
53 0 886 712
99 331 80 0
155 1066 406 0
458 254 1344 254
503 56 1241 0
1293 411 763 0
92 1598 1329 599
6 1319 1143 7
1457 1241 0 487
1129 505 734 17
92 1303 0 0
469 1252 1524 1570
245 1143 444 0
18 1530 1325 1289
230 421 1164 1458
1301 12 1041 164
484 530 1258 118
1251 346 1516 0
1314 0 0 0
156 988 1513 0
981 708 626 159
75 471 463 0
1382 463 632 0
739 9 126 1063
912 599 1241 0
520 1531 0 0
448 1541 102 0
707 1241 1122 1187
1269 55 75 517
94 682 704 1355
181 753 0 301
1582 493 966 152
1126 897 717 882
1346 238 1356 116
258 252 386 213
147 833 608 0
1030 1590 1244 676
117 209 286 0
897 0 0 0
126 0 1241 0
413 788 1070 140
1169 75 1114 1397
1291 439 227 0
1466 1150 1429 0
681 701 436 1173
0 29 1213 0
88 122 1457 104
237 405 317 1070
71 1530 1442 0
245 523 51 0
508 1353 279 17
961 343 1275 0
905 1300 549 1479
909 956 118 0
75 997 841 0
218 571 95 0
1203 1397 29 0
993 1019 406 0
605 312 1539 152
122 1359 18 971
883 887 1242 0
172 824 0 0
988 927 0 1052
1441 636 1408 971
1579 386 856 121
81 743 1266 1045
580 1033 0 0
1121 967 424 138
384 1283 171 0
1583 1467 860 87
97 300 514 0
85 106 1123 0
174 904 743 102
300 514 20 0
1126 874 1053 0
1338 485 1241 0
921 701 773 73
90 1058 1176 514
1531 895 110 7
160 1214 1143 839
1588 804 445 13
831 1248 162 846
1304 426 821 0
1470 1004 1608 1389
1135 1118 0 0
1188 172 814 0
1480 1241 222 704
48 682 0 88
696 876 209 158
1077 704 1151 0
1277 508 590 1484
978 1246 88 0
1386 294 1017 1164
90 544 626 1114
1517 61 1338 0
70 1094 0 0
978 1324 891 670
1261 1404 1140 834
181 1517 199 0
1218 979 537 734
668 424 1246 1143
1329 1153 423 937
1148 1395 1396 897
11 1315 213 1546
30 1303 870 0
779 599 122 144
854 13 458 847
1395 94 1162 221
29 20 1007 1123
1221 435 109 50
1437 858 0 0
472 514 1033 1251
286 788 18 126
1232 978 0 514
1206 1004 119 0
2 609 141 75
425 1070 380 0
633 1300 217 458
670 753 1597 0
1165 1232 1330 0
979 352 354 1203
238 1241 966 704
218 514 643 0
1228 642 690 151
20 916 0 1464
18 1516 75 0
416 1376 514 0
1114 489 1026 55
1174 1315 1356 0
1123 92 1252 0
126 1178 1291 0
413 88 352 1240
1124 669 878 123
1195 763 1455 776
1464 517 1118 0
704 1107 708 0
69 1468 846 0
916 583 595 64
61 836 0 0
1228 1070 423 344
213 1187 107 964
344 926 481 214
633 50 189 670
517 704 0 0
734 912 504 53
1206 1270 1006 0
1171 723 171 183
422 183 927 664
18 1319 0 0
687 272 151 1162
681 152 753 1032
1115 1164 1329 0
891 193 1344 868
114 280 980 1551
61 125 592 0
17 1376 1188 201
265 238 529 0
880 1072 1228 0
1075 681 122 0
931 443 912 0
1241 53 978 0
197 517 738 0
631 1077 235 1376
1513 1227 102 0
0 13 0 0
107 155 1114 0
221 1315 1520 213
99 0 0 0
882 781 426 859
125 1052 0 0
859 1603 168 894
405 424 1334 1127
1334 566 184 0
676 367 704 8
827 182 1130 1089
819 940 1146 0
367 329 280 158
526 904 199 1240
110 1145 75 0
147 1246 1242 520
960 1426 992 493
1174 521 76 0
808 97 1116 426
704 1106 1501 0
243 57 633 323
969 1218 175 0
1463 544 882 1565
269 575 1555 1338
1273 632 683 897
714 1530 1564 202
1164 757 1036 94
260 555 552 215
1457 158 55 0
1604 308 685 633
252 1509 708 61
1499 706 358 1047
746 1455 746 1213
89 60 7 1330
247 238 93 0
524 687 71 92
1037 111 1463 0
942 121 210 872
868 329 324 1386
514 0 0 110
109 175 92 0
0 0 966 846
1164 424 124 50
1545 779 1342 0
505 792 1102 0
442 12 1542 1077
1090 389 704 497
214 294 1267 964
874 754 0 0
1206 645 1251 0
1202 80 819 0
1114 1143 1173 50
981 429 574 0
354 573 515 152
1367 1603 138 128
140 285 1045 846
1244 575 1246 1246
994 959 8 0
247 14 61 971
1107 781 930 419
1164 1123 628 721
882 62 246 912
375 1037 487 0
547 637 846 848
1409 0 18 0
218 966 831 0
1289 870 599 1303
1232 923 708 0
1247 1207 882 54
1275 0 935 747
247 1302 1517 1199
1462 93 427 0
981 254 539 0
1500 393 1567 0
1162 1403 1164 0
59 87 0 0
238 280 1559 87
136 837 282 514
1187 61 848 1061
1443 681 800 10
711 1325 0 0
1090 151 1509 85
898 26 133 0
0 481 0 0
1468 15 699 104
1265 106 619 403
215 633 291 640
955 1232 0 0
1248 682 1411 0
23 96 1338 305
71 8 1232 0
458 18 1468 0
826 682 116 90
75 1284 1330 0
322 1501 670 144
913 515 1123 1206
426 1026 1244 1206
1251 526 1150 346
94 1246 75 87
215 1389 89 0
279 599 543 1376
722 291 872 684
744 1356 607 602
982 435 791 0
848 854 520 1531
56 0 1004 0
587 301 0 0
447 205 794 0
633 354 56 0
1265 1233 384 10
1235 1246 1246 0
928 848 751 0
217 1565 1016 0
560 517 1016 0
1450 405 633 0
422 1135 734 790
808 593 1117 0
1463 1135 1582 539
1143 103 472 71
135 1231 253 931
1047 425 687 1432
1096 98 1350 1026
712 295 1573 1203
306 1284 230 56
1041 681 0 514
437 1104 1036 1344
345 274 1241 0
923 136 1142 480
1612 1219 151 0
107 337 1340 599
1467 7 0 0
553 1233 960 1304
0 88 0 0
1017 859 826 149
0 75 0 0
1199 580 534 0
1251 1466 1501 10
1598 1559 848 461
904 644 627 153
1070 1272 959 435
358 227 186 0
128 25 515 238
41 1557 268 0
703 1591 1129 75
1126 1045 1246 259
1164 1164 16 0
86 1042 441 0
858 61 0 0
1359 573 760 886
782 153 991 0
56 1153 0 1303
300 1308 84 1334
490 792 311 630
0 0 202 0
1582 320 251 189
232 798 663 1116
912 1570 48 20
1402 846 542 691
71 701 1213 0
0 140 0 1126
75 138 529 1457
1257 1114 1241 1251
1566 663 1303 869
141 176 508 80
242 212 117 1241
1061 121 421 0
1280 1162 5 578
341 1004 93 0
1290 633 819 0
1158 242 1003 0
696 211 0 0
417 252 904 113
505 1213 912 846
529 317 942 54
1241 305 124 0
1205 1412 178 1300
826 964 841 367
0 0 0 0
1321 767 16 0
341 1138 1063 1269
17 1235 767 1241
1257 344 256 1603
97 75 628 0
375 0 0 0
788 1251 0 0
539 458 1427 1397
1503 471 1141 1251
539 80 174 0
808 1467 1311 1258
599 927 944 1524
321 186 1089 1098
668 552 1066 504
1135 1143 1564 1070
1195 198 403 344
1149 663 254 0
169 301 447 0
169 1307 305 75
186 1153 402 1500
193 551 514 1061
956 498 173 487
537 117 159 1551
476 1141 800 0
598 8 0 0
1350 642 1572 1067
116 0 0 0
213 1241 1463 1517
780 245 0 0
1023 1257 55 1114
717 15 1045 1560
218 213 798 0
1230 424 1172 0
1030 388 1238 599
1251 14 0 0
54 19 0 0
1094 1143 0 0
424 1391 1109 0
1303 1231 0 1241
485 1018 124 1451
427 849 1582 140
704 352 102 0
303 966 676 1463
6 1065 1540 0
0 1070 1066 0
668 1375 801 0
388 599 1308 152
1390 532 1152 0
54 979 305 1089
43 458 13 0
595 344 89 0
23 1457 221 131
79 1344 413 0
1391 206 1474 0
547 235 1602 0
0 254 0 0
110 253 1480 0
64 0 286 856
772 510 1258 0
441 91 792 0
0 93 1303 0
0 0 0 0
54 18 330 0
70 1376 1540 258
1437 1357 437 1103
670 708 337 165
703 539 337 348
900 308 1613 55
1017 432 57 847
844 455 731 0
87 252 337 169
969 424 698 1045
128 1364 215 1036
839 428 117 0
894 557 0 0
245 1315 927 0
894 1044 943 0
752 202 213 0
793 1072 0 0
1206 1231 824 88
1268 1330 788 106
0 0 0 0
1164 504 271 1110
1067 966 821 0
643 1016 904 2
952 683 80 1246
248 1597 0 0
578 1600 436 1228
573 1241 426 0
1266 990 57 193
151 0 896 50
1546 532 253 621
1126 1232 848 135
894 258 311 48
1338 1266 1129 0
124 84 0 0
785 1499 158 793
872 442 247 0
415 301 996 0
46 1463 1241 0
539 819 51 0
691 0 0 1247
1612 1241 1241 0
912 1070 1026 0
586 1080 99 0
613 139 21 0
716 199 1228 337
50 32 0 0
385 0 1033 0
726 1431 221 0
849 1531 712 0
912 176 1230 870
172 1160 989 79
337 976 1241 30
1232 1320 646 413
367 247 800 311
847 75 73 0
981 108 493 839
1231 681 1445 0
1224 1023 779 1077
1232 316 54 447
227 796 54 1219
717 510 514 75
1497 1159 1026 0
832 1188 1402 301
1083 253 24 0
212 465 0 68
494 394 354 0
1123 969 521 0
1397 937 0 0
1118 1206 215 0
12 402 303 0
504 848 1347 599
668 762 960 819
1218 676 26 305
746 991 634 231
539 71 0 0
1072 0 0 0
497 25 1546 357
550 1282 539 1446
712 198 870 0
836 628 1513 0
416 0 0 0
1072 251 73 0
1118 205 0 0
1597 847 0 0
927 1037 0 350
724 490 1203 0
756 0 991 0
92 1419 1107 1463
1568 1342 378 0
1246 1164 515 1500
620 1458 976 568
1612 1135 0 70
221 735 1303 0
587 1380 1241 0
657 235 1188 534
1273 899 1070 762
1318 852 485 1332
1523 689 1176 788
1151 144 127 1135
372 717 196 0
1591 0 0 152
16 357 988 1239
1178 2 0 0
1581 682 1061 0
294 305 0 0
586 1516 0 0
626 169 1376 0
514 1265 1391 357
104 353 109 0
1143 1461 1480 1258
30 1182 1246 124
1376 1513 61 0
97 1262 704 0
849 834 709 30
1232 274 515 1149
536 867 0 0
158 1179 27 1315
789 670 1461 0
1277 1258 546 306
104 1585 1244 0
744 44 528 0
848 900 0 0
1089 1591 1054 0
1565 117 1190 87
813 764 93 0
414 0 0 1273
0 497 0 0
768 79 753 0
121 717 1077 382
140 1458 436 1068
227 1301 227 1257
658 1501 628 0
511 1329 1246 645
341 265 847 1232
905 508 329 10
61 599 270 10
1203 1054 0 0
887 1303 1201 424
852 978 1041 0
848 1267 1234 0
41 1484 642 202
802 287 668 1391
1076 1338 0 0
792 1449 51 0
448 668 0 0
856 424 1258 1061
1286 463 0 0
1257 11 1213 163
1164 345 102 152
291 110 1148 167
270 1247 630 114
0 1241 854 0
274 593 969 0
80 1241 0 0
431 487 1397 0
199 1599 0 0
79 1129 1485 301
1025 405 849 1166
683 227 1126 0
1513 714 281 1507
1613 6 9 95
58 1241 0 75
266 962 202 491
1070 643 75 0
1515 1516 1062 1347
245 0 253 0
205 1246 1355 0
1553 160 497 227
580 53 1327 1364
759 22 0 0
1129 1354 1350 140
706 818 291 1388
686 814 690 507
848 0 424 0
1431 0 0 0
1553 797 507 1343
1206 1035 92 1334
61 690 17 274
1139 183 520 305
979 1460 1063 988
1304 323 905 0
491 1118 116 0
1 301 1029 1338
165 75 1241 0
67 756 712 214
519 1316 60 1006
953 800 1597 128
29 1246 73 0
6 238 1376 75
1570 1565 814 231
871 286 252 0
1364 1213 1464 0
642 522 1453 1269
952 171 514 663
1045 541 19 57
425 1323 0 286
101 525 1213 886
786 496 1411 1496
1137 553 739 0
870 591 111 0
1337 803 1513 0
423 1421 1085 1188
1228 61 0 0
329 357 1143 350
9 869 819 1241
757 128 214 0
705 1494 515 0
1067 1014 762 291
1240 1338 1449 1162
932 813 121 18
87 1347 76 71
150 657 696 107
1077 1216 1114 1113
1 332 1308 1265
378 689 212 966
67 1333 0 0
1565 1318 1218 514
53 87 1597 0
144 793 1241 1559
1246 803 1467 1068
86 847 8 152
258 1333 710 1179
1330 960 354 939
1074 140 25 1066
128 870 954 0
256 821 1067 0
541 1275 6 0
76 1228 904 1581
152 1366 643 0
50 1233 260 1549
0 0 0 0
988 0 0 0
76 1007 1173 209
1461 2 766 0
352 208 905 1126
1451 1080 18 0
178 105 938 487
1265 1467 405 90
144 1341 215 1464
1366 0 0 50
344 897 514 1066
337 531 792 1
632 1164 1228 0
126 0 0 367
1056 1135 128 682
0 1037 0 1334
1080 865 800 0
1597 993 0 0
172 19 743 0
0 1080 213 0
1303 1451 683 53
1602 1 463 1338
1246 576 306 0
971 1366 305 913
491 1374 1328 0
1260 1441 13 1464
747 179 960 1222
139 897 1386 1329
1 1272 1422 0
79 1318 230 0
1374 444 1251 84
1041 1052 1342 0
415 76 1126 0
165 1524 443 1241
160 225 75 0
0 0 1451 1371
404 1068 907 1418
1228 1353 1077 753
0 0 0 0
312 1329 0 0
1386 1388 1019 657
222 762 491 0
99 1246 107 0
623 946 978 1531
645 499 796 189
1056 874 590 122
1468 1317 788 1126
54 238 514 0
1317 0 0 337
1588 1153 893 425
165 247 1607 814
1329 1126 246 235
1173 305 1193 0
628 0 98 491
849 1138 517 482
870 1135 1463 0
1077 628 1233 1017
110 1242 886 836
717 1390 499 902
1139 19 1170 1206
335 265 1231 0
116 436 1036 93
1499 753 1327 1556
1072 905 1232 27
158 29 1361 870
663 1019 111 1386
1244 517 0 0
690 451 141 519
1245 174 1026 0
1439 431 164 305
1347 16 1268 384
211 643 0 0
127 450 427 30
375 847 1107 206
1603 1291 1248 436
1089 1407 87 515
0 0 0 0
1530 73 140 628
221 320 60 821
1126 54 0 0
1597 792 0 0
803 1261 357 1612
1241 489 965 167
1067 234 444 0
82 423 169 0
1573 1241 539 80
1286 1080 1553 766
891 542 251 0
32 474 698 1450
424 680 259 0
902 943 1501 104
1273 209 1328 701
424 221 130 1123
301 463 1213 0
26 0 0 0
382 551 905 928
1267 1364 1327 279
211 475 1045 542
1179 1148 7 247
452 0 126 75
902 398 224 868
819 1430 747 496
256 1509 1123 0
119 1449 1566 796
1056 1603 1264 0
1241 152 0 0
77 1023 517 0
219 0 308 1149
68 604 1008 1411
171 1148 1033 0
235 162 144 1100
222 1314 1409 0
848 559 475 1132
1584 660 1323 1491
22 1403 75 0
151 264 1075 887
514 1241 0 0
438 970 633 1034
1374 1265 1351 158
107 1023 367 0
523 1230 1419 0
960 1070 329 1164
411 552 1324 0
482 141 270 102
902 687 912 0
1370 1448 525 235
966 960 1315 0
686 649 48 0
0 0 0 0
1251 9 128 0
1079 1477 847 768
716 734 293 872
1241 410 393 0
1107 1597 633 0
727 1308 859 801
1020 1297 517 0
101 1201 676 909
555 602 0 212
1611 965 1274 238
566 260 1503 1232
188 1218 966 76
587 762 0 0
905 1135 8 0
1086 1143 1337 1440
352 988 528 0
514 192 0 0
805 0 245 0
904 976 1334 976
801 587 0 1330
891 289 358 1302
49 453 1173 187
1261 1218 1213 0
912 405 994 716
254 1530 1033 1296
537 1126 595 0
868 145 848 0
75 599 1246 48
54 739 1496 0
191 1 1241 0
1201 793 793 274
450 976 1500 0
1540 212 337 0
60 1426 905 308
764 1231 248 121
301 1552 1517 0
1213 932 1202 1386
632 437 70 152
230 1300 1114 1
76 75 10 0
700 175 972 337
872 505 1228 0
1540 178 87 53
958 427 426 497
1429 65 76 525
1061 1241 1045 1236
65 68 1095 79
1114 897 75 573
375 75 1016 151
1123 393 846 79
1381 178 532 0
1070 206 1327 104
13 520 882 0
739 17 0 0
144 2 1517 0
701 151 294 0
491 554 550 1251
1218 762 0 0
657 1206 1451 167
84 1019 713 87
1444 458 996 279
788 405 223 0
234 0 0 1241
164 1532 1070 1195
602 1540 1208 788
894 965 1143 164
1167 482 281 1336
453 1224 573 1453
1301 786 1589 21
1491 1248 0 0
80 753 633 0
980 1123 1387 538
241 43 213 1240
568 199 1186 1446
738 138 307 0
668 206 792 792
484 1026 138 295
0 117 0 0
976 843 517 0
80 991 1042 2
1228 133 122 121
1176 1248 1246 0
976 1045 756 158
106 127 1168 786
435 30 1251 0
1089 1517 453 215
1556 1241 0 10
905 1241 0 0
916 739 58 1052
171 1241 1560 1148
1061 1586 0 0
869 110 886 1019
1231 151 837 0
814 1 1090 0
211 905 0 0
541 681 1006 0
1109 1144 541 73
1123 547 18 668
202 90 0 0
1206 209 0 0
582 1549 960 0
411 1 1552 0
310 16 1338 987
1258 482 308 0
174 1121 1070 1464
852 80 84 0
1285 1344 1070 130
1205 585 847 1612
904 1215 281 0
938 1315 1597 0
657 732 51 20
882 367 1242 0
1291 1323 0 0
265 306 253 0
1494 203 868 0
952 624 0 0
697 1591 98 4
244 545 917 0
1423 1303 123 0
755 897 0 772
787 887 0 0
93 1607 539 670
792 1498 0 0
912 279 712 393
1228 279 1066 0
1273 1257 1133 165
76 1250 497 0
767 1457 61 0
1601 134 1532 971
1246 854 80 1303
134 772 0 1232
1071 300 1036 701
1467 1327 0 435
57 1070 868 0
877 1559 547 71
943 1412 1441 0
252 352 1364 966
1402 336 30 0
690 756 205 0
185 186 1142 790
1461 158 588 8
165 76 92 0
182 1016 1239 1338
981 514 0 0
552 757 217 51
554 1534 1424 0
916 350 303 504
1338 1323 1451 246
69 51 726 1530
1321 1042 102 125
105 581 515 171
564 272 1502 1027
643 0 682 0
274 497 352 753
849 167 764 56
192 1241 92 542
18 1014 489 0
853 469 76 0
539 301 168 0
923 486 814 54
424 279 234 505
0 230 0 0
839 1232 670 173
716 676 0 0
645 1496 904 0
1273 1089 554 0
822 1548 350 320
978 258 981 913
676 1334 706 0
1218 1054 514 1077
0 0 882 116
1233 704 1409 491
97 1088 0 0
1246 809 1148 960
675 1466 277 1066
151 1173 1244 27
56 1376 202 0
1164 1602 1152 0
1016 206 75 288
619 600 400 102
1357 472 490 50
1125 350 1325 0
57 942 178 0
1085 0 0 0
13 0 0 450
343 151 0 0
185 486 225 847
846 1067 1058 152
367 0 0 0
986 217 1079 0
1554 75 1241 0
128 505 253 10
70 855 221 94
847 29 346 0
51 352 521 1588
1451 121 636 968
887 894 0 0
680 439 1228 847
662 1480 1474 716
522 750 532 140
140 375 481 301
1276 247 1304 0
1127 358 171 0
1143 1028 668 0
450 337 16 0
550 701 304 0
927 1378 133 98
94 1038 1374 0
1172 256 1315 30
1502 112 862 730
1473 151 987 0
997 97 1366 0
169 307 102 26
1334 1300 593 238
1269 1121 1241 0
30 133 1241 0
1291 688 599 1466
141 1034 537 508
230 198 147 0
1240 1445 50 38
1556 1339 183 496
530 1509 1386 553
870 124 704 76
923 1207 849 0
1210 276 1231 1009
846 94 25 1162
1392 1337 1019 75
1129 0 868 0
926 1496 485 616
683 0 0 0
351 1518 722 0
99 593 16 1517
63 1294 525 722
1431 508 97 1524
1123 51 73 423
669 872 213 73
720 1344 330 0
251 380 73 0
144 473 138 824
872 399 1112 1464
1114 1548 1023 1517
1180 751 1450 852
321 54 199 0
1389 1467 1153 0
28 887 119 849
14 1096 188 0
1114 664 341 0
76 427 1206 0
209 685 110 75
1149 1207 0 97
304 89 54 238
0 6 0 18
201 322 1265 0
94 573 1319 663
532 579 1386 913
95 1269 0 16
250 767 1389 0
1503 1513 1070 138
521 422 772 869
133 951 0 1164
1241 75 88 0
708 887 443 251
755 93 147 1376
1592 1350 254 1114
792 1599 80 0
1392 712 1517 0
931 13 916 232
213 539 1379 539
388 1530 1123 1136
1114 1496 753 0
0 95 487 0
230 7 1213 1537
1556 1080 38 185
0 674 704 0
601 872 174 0
847 1581 1540 0
53 0 514 0
1244 599 0 0
1511 0 0 1037
1538 144 0 0
1026 942 0 0
158 261 970 125
939 682 118 0
168 600 1497 1464
1037 1560 0 0
1342 521 57 0
600 910 916 0
503 1148 1513 0
346 230 574 712
1447 665 16 0
684 1012 293 1273
1013 1036 305 595
75 1149 1273 52
1494 595 592 420
762 456 514 0
93 1201 1501 854
1309 0 124 0
599 1268 855 0
113 856 976 0
891 959 0 0
1248 1551 1234 0
1350 1464 1092 514
166 1485 756 790
978 295 27 0
206 690 410 1254
979 1137 2 824
212 70 95 0
73 485 0 1228
1246 848 1278 0
611 433 663 126
681 0 0 0
118 1110 824 1597
642 552 1455 0
1453 138 508 0
1102 1356 126 630
73 85 0 121
940 246 722 76
482 1358 706 1142
1114 1178 1500 0
73 837 1014 0
1564 88 1 1086
1108 1045 267 0
726 897 0 0
1127 1492 566 106
1609 174 1257 79
305 1321 722 628
1309 223 485 1114
1521 94 0 0
587 250 54 274
894 804 192 0
244 1378 0 856
1162 138 301 0
969 1265 61 0
421 518 560 209
1291 1023 124 1092
1299 269 1607 846
599 1022 861 367
30 1310 413 0
643 1199 1246 122
1316 10 84 1602
932 701 979 633
216 1467 667 1067
587 601 974 0
1079 65 88 690
464 70 65 1251
106 905 715 663
329 505 0 0
105 290 375 1231
1599 1061 29 0
421 270 1330 352
1304 348 51 0
75 235 843 90
754 1041 45 56
1077 0 245 0
1135 1090 994 0
1106 886 552 493
1077 848 111 95
1 1350 13 305
0 1143 0 0
653 1398 526 214
642 1026 670 0
370 0 0 0
716 554 475 517
93 79 308 0
174 628 0 77
1509 95 1023 1026
529 1264 1386 1241
549 1291 0 215
1018 102 1231 644
1188 706 1118 75
1391 599 1071 0
813 1107 897 1067
203 48 163 0
252 813 0 0
215 1164 1588 1570
971 1063 71 0
527 910 0 0
471 104 889 1149
97 850 799 1041
8 405 1246 0
676 1053 1241 0
1162 514 345 57
997 646 1342 305
485 514 848 0
75 983 1528 886
790 1391 99 0
1007 212 538 1252
94 1232 515 0
1143 1467 0 0
26 48 824 0
891 1065 125 0
519 1106 1121 403
1153 1089 206 1445
707 285 522 1317
119 245 633 554
1026 0 1308 0
383 643 342 0
533 1602 599 0
587 260 1280 0
0 1232 772 56
411 701 935 1480
1110 905 665 1201
1258 158 1240 182
97 747 632 1306
1199 110 1464 433
666 1483 1438 411
357 242 221 393
1548 1226 614 50
182 423 1089 0
1054 1334 238 0
645 826 0 0
701 1107 987 0
1196 343 10 547
405 1375 185 0
587 1010 1241 238
246 1041 281 0
337 624 755 1419
1164 1558 235 0
86 1 61 0
426 1323 1117 0
124 360 99 894
12 160 1244 716
152 144 175 0
0 253 0 0
306 1468 0 0
130 121 978 1330
1457 1565 37 47
1011 668 731 70
756 55 0 0
211 1535 0 0
562 1114 1457 0
411 71 124 0
590 1602 802 0
10 79 0 0
1210 1605 1131 1334
733 284 294 169
889 527 9 1455
753 367 26 0
1310 681 0 0
0 73 0 0
0 375 0 0
286 121 957 526
20 292 50 1231
1334 1338 1162 124
1066 66 798 1232
1609 343 1239 0
117 1 56 1061
135 1137 1174 25
847 1241 0 1480
800 1386 1022 0
22 1564 269 0
614 839 125 0
722 1006 508 667
1149 1127 191 820
1035 771 612 76
954 517 87 0
266 696 738 763
221 1228 275 0
487 1376 1218 53
0 158 31 215
175 573 1309 0
979 165 20 1246
384 435 1350 1244
360 0 0 0
0 943 0 0
85 1397 128 0
0 1469 1265 0
1376 979 1303 183
1077 671 71 813
439 79 881 1148
1483 824 1058 1102
696 1149 964 132
1410 1374 75 960
1089 1075 1014 1480
13 1496 92 734
1192 315 127 0
1107 256 1058 0
116 398 0 0
905 1463 411 766
2 1199 1303 0
957 202 1337 0
1570 900 1470 0
26 535 75 152
1444 979 1036 0
456 0 0 0
280 106 121 0
236 1176 276 1014
812 0 766 0
831 1023 517 0
2 896 954 0
221 0 1241 0
1052 217 183 62
164 182 93 0
0 435 514 0
727 0 269 0
674 1364 102 691
668 1077 0 0
1035 1344 1467 1148
1330 133 25 0
932 1123 1467 697
1368 19 0 0
1241 0 152 0
32 12 229 423
720 459 0 1148
854 978 1017 0
602 642 121 935
279 129 487 668
1017 30 1393 0
585 1419 423 1143
1208 1395 1140 0
451 1033 259 628
706 1323 1442 0
339 1257 394 61
48 735 547 1538
617 633 1403 0
757 570 502 0
99 48 1592 0
281 368 0 969
882 490 514 0
1405 847 0 0
161 221 182 1275
742 839 403 1070
257 222 49 232
1462 368 1500 1228
109 280 657 1342
0 1241 337 0
722 1213 1457 0
814 836 932 1612
131 257 385 1548
427 607 138 411
1339 10 206 217
1021 0 708 0
317 367 1338 0
6 1075 1201 90
1241 691 95 75
1116 214 251 0
1359 882 352 521
109 18 102 165
712 354 201 0
199 177 198 1036
1251 1154 198 0
1171 1089 1467 1232
1260 258 1037 37
1414 1005 1309 1464
621 0 969 0
1532 515 6 1033
165 912 1309 868
1551 902 1466 0
75 1599 1422 0
1148 329 110 969
1335 826 367 1272
1107 525 952 848
352 331 275 0
357 690 1251 152
73 1537 1235 0
1375 1241 0 0
691 1316 0 0
57 1110 394 102
1242 84 0 169
602 1232 888 1257
568 73 1413 1329
508 888 0 1241
527 1261 1172 822
1374 92 847 17
305 1564 0 345
1282 301 182 10
183 171 585 520
185 1036 806 988
1301 933 0 0
14 599 158 435
1468 254 86 0
927 1338 274 1577
1376 1129 819 0
120 1602 0 0
10 1540 269 701
171 185 352 0
856 29 426 0
480 1420 16 0
1149 99 544 489
341 681 301 0
1411 117 1483 1251
630 656 292 0
1578 92 942 0
1255 497 743 0
178 506 1496 0
1023 1251 1026 100
779 350 0 0
1298 938 70 198
1004 681 882 0
125 34 0 0
121 354 1474 573
1598 761 905 1291
279 0 0 0
1241 757 121 1513
0 1241 0 0
1446 302 636 238
1226 102 150 1419
374 909 178 504
836 80 0 0
756 689 808 155
1409 140 12 424
213 1451 1241 75
1033 1045 1075 1227
1019 1329 287 0
532 481 1506 451
1307 633 4 0
0 1077 0 0
1082 959 1207 1386
593 593 61 193
151 239 152 681
1075 1213 847 0
405 1301 986 1016
1195 90 730 480
288 1131 1142 1203
136 1135 935 158
307 605 1235 668
0 0 0 0
367 0 1599 0
247 289 1469 0
574 491 1123 1402
223 539 1089 0
152 1043 894 0
1272 98 1164 152
0 1162 1066 0
1188 850 1232 181
323 209 1308 497
131 305 1201 1241
1427 195 633 904
508 916 160 147
1503 654 941 1143
185 405 542 97
1265 0 75 0
73 480 127 0
1280 810 943 1467
133 916 868 846
3 847 671 989
1337 1437 92 92
99 830 625 0
734 165 198 0
887 634 668 317
852 131 782 241
12 1378 932 0
1203 0 0 0
5 286 505 0
887 1330 772 872
210 514 0 0
1494 1145 753 1231
138 75 408 0
444 582 1251 238
405 316 411 1019
575 1346 1565 0
1467 1299 1089 1611
672 924 384 0
1042 186 245 827
1 389 341 231
286 467 0 0
1023 811 253 1089
911 189 514 0
1241 1241 29 0
337 1196 1480 0
1213 75 1241 504
1293 105 712 0
1077 1124 495 491
95 17 312 351
254 135 0 0
856 1471 1202 1364
482 1340 1038 819
1178 849 628 690
1033 636 0 0
776 1123 481 0
1026 872 247 792
151 223 1472 1006
1565 1551 1576 670
155 349 1354 0
1551 10 773 1114
886 656 886 0
792 342 762 0
318 981 623 0
1267 357 1173 935
1138 1570 881 599
23 1446 1096 1542
514 0 0 0
644 974 1077 575
1573 308 872 1516
663 99 48 1303
110 253 1347 452
670 514 1235 882
699 50 790 152
847 350 303 1080
223 666 1303 17
1188 335 1265 669
780 8 826 10
862 1063 125 0
1089 814 1123 124
175 123 1213 192
821 309 286 0
531 274 104 1241
1334 25 676 152
960 1467 856 0
1470 1560 235 1472
1252 676 663 461
507 1314 1338 65
1014 905 0 0
670 342 178 0
1114 56 0 0
1499 116 90 133
455 1258 76 1164
1532 246 37 0
663 542 70 577
648 1070 411 716
50 411 1317 0
1099 788 856 0
1075 1019 87 0
1041 171 788 0
217 1108 744 423
0 1501 905 1019
1500 315 910 238
0 1306 1451 0
904 1530 335 0
987 681 1500 0
905 1135 271 0
1560 125 717 1130
958 1074 976 0
506 126 235 941
370 0 0 0
847 131 424 533
1336 1227 166 674
326 50 1126 872
905 1248 258 1273
1517 0 0 0
576 313 18 0
848 1483 0 73
20 1336 1308 265
966 1374 130 346
138 134 1501 981
1332 1464 792 266
1246 389 1496 1045
1227 1066 0 0
12 238 776 937
854 1241 116 872
1516 25 790 0
0 0 0 0
1317 216 330 1041
676 1338 1228 1126
406 119 633 790
1544 1066 1308 0
727 178 839 1540
252 1190 496 814
663 50 1584 245
329 1467 789 0
1029 508 962 1218
605 286 976 0
611 253 1241 0
97 1597 1241 1213
461 970 1090 0
501 157 1232 1603
425 1241 0 805
710 79 95 0
1123 1037 485 427
1187 1016 354 0
788 514 0 76
120 752 1483 1331
1339 367 80 1107
1148 566 1384 87
254 1601 1397 406
1124 455 740 453
303 870 1551 0
276 1300 988 0
1376 514 573 411
525 248 870 1056
508 1317 1152 0
904 1337 837 0
950 824 280 0
1582 1023 1231 198
1045 1600 7 0
1597 1301 50 0
1025 690 1241 0
573 547 0 0
1069 0 0 73
241 848 1357 329
510 1172 1059 976
595 305 0 800
70 84 1376 1201
1139 123 670 0
1402 1602 117 0
110 0 187 197
689 205 451 0
704 208 57 0
0 882 109 0
1559 1439 0 1273
910 344 879 502
1316 451 50 690
286 643 286 1544
285 1086 608 1350
317 1041 1463 0
1531 1114 0 0
254 1206 1231 847
1240 236 385 0
897 1445 1273 104
0 0 0 0
1446 173 293 0
1196 1303 483 1391
1135 227 1070 245
514 522 756 1241
559 178 1077 0
1251 9 1183 0
1561 839 238 1164
1241 383 85 223
1414 441 502 0
900 1470 762 756
924 599 1390 971
1238 854 51 1232
981 682 1240 152
124 1509 281 0
628 1063 102 1463
543 1112 378 875
811 323 1530 981
87 329 1220 0
75 1397 245 0
174 1240 1245 0
1241 443 913 90
213 21 1251 0
99 245 117 95
127 71 337 1329
753 1304 995 0
1315 259 1340 60
0 7 241 0
717 375 0 133
1331 1540 1045 1397
1359 1137 1002 343
434 0 8 0
1315 162 71 305
30 517 251 0
1350 119 682 1026
9 497 1037 0
487 60 216 0
640 10 940 417
241 405 329 167
696 75 1235 756
1269 117 1121 0
485 1466 848 29
729 1143 286 0
962 218 258 542
322 681 1019 0
1098 76 0 0
1445 431 93 252
57 1041 447 329
171 1600 1254 48
60 809 26 891
393 514 554 0
665 28 484 8
169 0 792 0
385 1240 469 171
644 95 1206 0
738 352 1052 50
786 405 657 235
1587 839 957 1546
809 1438 75 889
1258 202 863 1542
352 1047 1304 0
1141 555 1155 0
1152 186 900 0
1582 826 1135 597
121 722 1509 317
73 234 1269 0
1212 0 960 0
792 1041 1174 55
1457 701 1095 1265
821 753 913 0
985 0 0 0
26 215 413 138
15 1260 1148 117
0 117 274 554
65 708 164 126
0 0 0 0
1338 167 1331 140
57 223 1329 0
779 201 1213 0
1389 1036 117 0
109 981 79 0
574 1203 152 792
769 296 293 218
1241 205 539 0
0 756 682 10
467 1030 537 0
111 20 303 0
1106 235 1501 0
8 1172 179 942
189 943 76 590
0 756 0 0
185 1464 1273 762
513 693 122 505
547 886 976 0
1039 1525 1164 0
501 1 856 1123
1556 1034 272 720
955 1514 985 126
349 1232 175 519
0 912 905 0
1597 110 0 0
212 504 1448 1124
451 1052 746 1117
207 1143 648 106
681 1450 509 0
506 1114 212 124
216 723 48 651
274 152 1059 762
341 1599 969 1232
1409 1551 353 393
101 352 1246 1041
241 75 0 0
209 221 217 861
1232 1235 75 892
666 691 808 0
646 526 128 687
774 779 985 0
1201 0 573 0
118 1364 631 253
50 1325 1070 1307
0 0 0 0
1241 95 354 1541
316 125 1126 1258
893 630 1196 0
385 748 809 1192
1342 1206 341 314
882 954 0 0
1184 966 1251 0
538 593 1428 1241
574 780 1548 128
1411 123 849 0
178 607 240 0
1308 232 190 0
324 1366 1027 133
60 121 1016 1409
355 1488 110 0
1232 721 1228 552
1039 368 20 0
1120 966 808 469
333 1348 1148 1492
1251 557 717 0
1500 1487 1246 0
3 965 1556 0
971 174 345 0
997 763 823 152
106 505 75 352
474 426 491 415
753 329 697 1239
61 779 1431 7
1420 0 1241 0
117 824 0 0
221 1474 716 0
773 60 1149 915
538 1307 878 0
1560 2 910 0
1260 1504 813 1230
1226 574 1229 753
1308 645 814 0
1370 1449 1332 0
1231 1344 0 0
834 107 752 0
1347 1461 846 690
1565 1256 687 1309
124 1135 75 0
1490 350 786 0
1251 50 1231 0
819 386 1467 84
1039 25 997 152
1456 1291 0 138
1277 1339 246 1131
121 1272 1142 427
70 435 1255 448
766 86 375 0
106 0 1334 0
85 54 620 628
88 1551 1344 0
88 946 0 73
295 1468 1134 92
0 1241 0 0
61 274 0 979
683 75 341 1397
1173 238 1203 118
48 1160 0 0
1014 716 1251 89
0 320 663 0
435 847 1006 0
165 1204 16 0
1418 1106 154 1303
343 1241 0 0
1359 1501 621 0
1222 230 1364 1241
499 404 0 0
206 906 1603 1019
550 988 0 0
1464 1066 76 0
882 1376 599 0
1058 288 205 1419
814 58 1466 141
317 504 0 0
636 8 0 0
781 1153 220 339
661 189 187 0
557 530 1597 451
1270 75 1469 0
559 139 1411 443
413 37 183 0
469 595 0 0
1338 723 337 1201
1581 60 0 152
491 643 514 0
292 1183 668 214
0 1213 1315 0
51 716 0 891
345 1460 704 0
222 57 30 0
271 882 676 199
0 0 0 870
979 1005 176 1045
872 16 458 258
124 303 579 0
1241 560 193 0
631 1203 715 92
439 756 109 0
1126 18 68 876
1162 554 1317 824
1149 836 0 0
1246 826 303 1273
61 164 424 413
1117 246 1166 467
1325 373 1348 912
986 839 27 0
1040 164 966 15
630 675 0 18
1331 1173 341 13
84 1142 872 519
904 223 594 912
1541 986 1308 668
0 87 0 308
1265 722 912 0
1447 1544 1496 0
252 981 1338 1480
681 0 0 0
488 1444 1419 0
1268 1329 810 1251
1483 796 595 18
362 361 1054 0
822 211 171 173
16 1077 568 1077
735 1277 344 165
1257 1525 224 868
1112 61 1293 892
1534 1395 13 305
1227 1457 1241 352
1244 54 0 0
1239 1597 854 1257
169 281 291 0
826 763 731 80
663 788 1039 124
155 324 0 706
55 1160 70 75
1241 25 201 0
1232 1047 555 714
1077 1148 954 894
620 333 50 274
155 111 423 126
836 1241 1125 0
1602 641 517 0
24 1527 1113 1476
1499 279 1215 475
1171 459 698 140
757 839 238 0
405 152 1049 0
0 582 0 0
595 254 179 1483
178 436 1540 0
223 1241 252 0
872 58 1118 0
588 337 760 0
152 1226 1116 121
832 13 793 0
1517 0 219 1464
134 539 1314 0
17 8 1540 0
414 16 1023 0
478 158 126 88
485 517 723 198
13 712 367 0
303 357 1445 1041
1324 1313 578 449
1359 1435 1232 1036
1383 521 1328 279
277 972 350 1431
652 139 504 970
960 689 1420 0
1264 84 859 519
357 1251 633 0
1585 1112 159 0
1104 574 234 827
768 1192 1226 0
282 1341 423 0
1507 0 0 50
888 1386 0 187
1228 767 0 0
491 761 1363 532
927 521 190 0
358 92 289 0
55 299 70 1269
683 1227 305 1532
703 1032 435 967
1065 29 215 0
905 971 976 0
846 419 717 0
271 198 847 541
949 119 1195 95
360 329 905 0
168 1135 0 0
1482 1331 399 514
1612 1463 758 352
1492 0 1232 0
1584 822 1241 1228
167 1496 1455 482
152 169 1246 978
1232 812 109 1412
352 1308 1131 819
602 147 521 214
1089 70 128 541
254 1598 1019 2
57 0 0 0
109 1325 188 0
92 610 1045 861
994 792 106 0
0 0 0 0
305 234 1540 1246
792 1241 916 1599
514 435 1303 0
29 0 0 0
165 1235 482 762
169 514 0 0
303 27 1213 0
1158 0 537 704
813 305 62 141
337 58 652 1077
426 1304 839 140
587 17 170 0
573 1124 1411 473
253 95 872 394
457 552 497 1077
628 1469 0 0
996 175 412 1559
1526 487 870 994
545 5 1338 242
20 709 1408 7
84 1407 118 905
186 1532 34 193
367 590 183 1330
133 7 913 346
663 1248 247 0
1242 1607 0 0
1256 1467 1549 111
692 824 897 1148
554 868 1236 86
92 514 1251 0
704 0 0 0
1488 0 14 338
274 1394 0 0
650 1063 265 1019
86 1306 1164 668
1457 808 138 1164
100 1228 61 1241
191 731 573 550
1070 1252 0 0
1491 857 1040 1464
76 0 0 514
497 303 1573 126
1180 1246 1089 16
1266 966 972 839
1531 714 274 1265
214 1228 1080 525
1107 10 700 0
1481 853 929 1121
530 133 158 65
126 97 1530 169
102 417 0 0
1173 942 1104 0
1461 1537 0 0
87 1036 905 158
525 299 738 0
978 1419 0 1148
1146 286 1451 0
221 981 0 0
753 836 1077 1581
1304 1232 1347 1300
171 106 116 0
934 1020 56 67
305 1203 346 1019
337 976 1295 75
1160 1164 1527 0
954 229 0 0
169 1441 0 0
583 599 94 510
0 13 1431 0
988 506 50 912
399 1041 1228 1257
801 348 1599 102
55 1151 0 0
1056 1309 212 0
419 864 1246 1601
824 110 0 0
426 303 0 0
1521 1135 539 0
65 1564 1240 1232
943 891 254 882
1516 0 75 322
537 257 142 1317
761 1583 555 1341
1580 639 1496 158
289 1330 779 0
968 847 307 0
1241 121 236 501
913 23 599 0
756 1242 0 0
180 0 1173 0
1108 851 245 0
20 0 1241 0
381 431 337 0
966 505 329 0
123 1571 0 0
1513 1269 0 0
15 773 1495 76
67 405 848 792
837 424 796 0
1332 1303 489 0
426 398 310 943
16 253 13 1337
1148 1061 751 106
447 1143 1161 543
1509 642 0 882
238 75 1386 1246
966 38 1203 1241
690 459 1373 215
177 623 0 0
411 221 1402 193
487 1241 1520 0
348 961 1004 1164
403 399 1582 642
238 1547 1335 0
214 1228 1086 764
9 878 58 202
0 0 0 0
99 32 185 0
606 847 663 514
314 1448 279 0
1597 1377 229 0
1356 525 1084 1463
746 1315 1265 690
1419 783 343 152
352 995 706 0
804 97 1075 53
109 514 779 0
912 966 1067 0
169 1149 0 0
408 234 699 0
1397 1266 346 0
1246 615 447 0
0 1517 435 0
1136 1516 9 0
935 105 567 565
1588 1512 1079 1390
564 1131 590 214
505 938 61 1252
1037 872 151 0
117 1516 0 0
1075 1014 121 680
2 1251 60 12
125 1572 357 76
48 1241 1203 0
75 0 111 0
855 1290 1086 712
1080 419 870 116
698 26 852 1246
346 708 349 0
0 308 0 0
539 1251 274 917
593 699 116 71
9 120 826 0
121 759 121 504
1457 621 848 1238
349 869 125 14
720 13 0 0
1201 1232 1094 1114
557 856 996 981
13 681 59 1551
222 311 701 1497
1077 29 1491 280
923 1384 839 423
886 1123 1033 727
1267 354 1602 0
1164 1075 341 436
756 570 521 419
1149 824 1101 1338
17 57 870 0
1342 254 232 1197
1540 178 245 80
84 1311 1251 0
870 275 628 0
259 497 602 1291
560 521 1301 0
717 989 90 574
851 1 251 0
423 294 140 976
892 944 0 0
1300 212 1460 0
1377 1255 189 891
717 1089 518 165
740 1240 459 0
1144 1580 661 149
628 762 1241 0
1218 760 642 0
571 85 0 1265
1511 1438 0 0
375 934 70 1143
1213 122 1241 0
212 1327 140 1150
61 147 0 0
454 1518 688 0
352 1097 1268 907
1164 519 672 84
68 102 1241 1085
1327 1605 99 1037
792 1303 734 0
768 172 1008 0
425 937 98 0
1085 386 0 0
1033 14 924 0
716 1204 5 1123
385 178 1066 50
37 531 1265 1135
120 1314 1265 0
1489 1386 1232 1560
152 140 1540 698
681 1433 0 1315
1338 58 1026 0
330 905 514 0
506 186 140 651
1 101 1162 0
245 717 838 0
246 894 147 25
759 890 30 796
913 1519 1066 1537
120 739 773 105
1242 375 991 0
1502 133 1066 1409
753 94 1072 886
487 216 1496 0
481 304 322 1182
1597 205 792 1232
0 1164 1201 152
795 1213 481 0
988 0 0 0
1614 13 165 117
1 611 1283 0
159 897 1386 0
1063 467 0 0
777 663 753 76
800 0 0 0
144 504 14 1213
1602 329 1355 367
515 1110 681 0
838 1089 25 1066
1053 1409 793 261
657 1556 561 152
127 362 788 27
1179 691 0 0
1232 773 94 73
643 514 0 0
607 514 1468 0
935 940 1241 8
866 186 138 60
517 1571 345 1338
75 657 1153 905
811 101 1080 552
1070 574 1158 1325
0 1397 0 0
1025 484 0 0
1463 1296 38 3
1241 1049 1546 481
320 171 48 202
587 1152 1564 1257
602 70 337 839
367 335 494 55
371 1513 856 0
405 568 150 1150
1273 550 1495 755
188 746 14 1446
1146 688 1080 1033
1500 802 182 1060
897 304 125 748
1403 0 0 0
726 1231 174 0
317 773 878 93
508 788 0 872
856 651 910 10
2 1257 589 0
84 1385 158 824
1123 595 75 1201
1149 595 1256 0
1463 386 435 158
54 1061 971 0
1257 75 106 0
29 1117 151 193
886 10 350 0
1153 1334 846 34
406 0 0 1016
54 5 0 0
343 124 187 0
0 0 75 0
0 0 0 99
48 532 50 0
618 821 0 0
789 670 60 0
92 836 867 872
1005 699 582 1269
1346 154 1291 2
775 760 389 1160
419 903 1454 567
1361 1268 1112 882
514 0 0 0
413 510 88 10
451 751 1045 37
302 1555 483 109
985 459 412 339
522 734 1347 824
188 949 0 0
1238 68 1605 0
589 1291 1142 1231
94 722 50 1603
644 1515 776 539
3 1114 972 970
95 1530 1268 790
331 1162 1602 427
953 974 212 0
1236 354 54 469
860 401 1530 0
75 253 485 509
589 1143 256 1489
823 493 320 0
1523 1487 1521 0
1514 490 333 960
8 1246 1376 1174
1241 19 0 1513
552 1378 70 1300
563 50 872 0
58 1067 344 1148
1581 764 1080 751
1560 213 1513 1291
769 70 0 0
419 1269 1513 1317
1502 938 883 9
47 756 764 303
1241 36 0 0
1089 1125 988 1463
65 891 1228 0
343 1408 362 1085
1317 1255 1261 0
904 482 110 0
1601 488 632 0
1321 200 88 0
167 335 214 95
1497 1590 960 708
1114 1153 1441 1086
937 1147 1242 1383
1070 484 256 1527
171 393 109 1307
848 849 935 0
174 981 1461 0
26 669 1070 90
0 267 1602 0
238 125 80 0
205 475 87 1241
896 76 0 0
245 301 579 3
1402 616 1135 0
1004 606 7 1441
839 0 0 0
671 1511 1303 0
696 946 734 0
1045 130 857 1179
1247 701 690 0
1592 84 1025 0
659 1179 171 0
198 599 762 1052
747 514 1517 935
990 76 1241 681
1366 367 75 0
10 944 1201 345
1612 712 579 0
1037 562 0 514
214 514 1206 1241
1521 0 704 1327
1162 1092 364 847
169 122 790 0
1412 0 564 147
1342 1240 1232 1555
107 1261 1362 0
552 659 467 0
0 0 187 0
215 849 531 50
385 847 1291 0
9 1540 403 793
1201 405 1026 93
800 1598 1308 1077
344 1483 1114 65
566 841 727 318
903 1463 1556 1303
316 773 150 0
417 72 1195 1451
923 482 332 0
1540 1446 111 128
633 67 1111 573
214 14 1241 0
301 482 1077 1455
1085 124 1395 0
202 1213 708 0
1246 1235 1443 752
307 165 0 788
872 1268 621 681
259 252 0 10
803 577 305 790
288 573 55 1554
1303 207 882 882
1419 1086 1112 140
889 485 403 1479
241 912 967 0
341 676 1613 645
14 86 514 0
1257 545 1164 1070
1538 57 320 0
1094 1218 868 0
587 6 848 0
602 1055 1135 971
117 1446 155 1589
252 13 0 0
0 29 0 0
26 73 0 436
1291 57 971 0
43 1528 13 75
0 0 0 0
0 274 238 0
705 905 1266 187
126 182 1375 788
680 1580 435 592
928 305 505 1244
17 1073 0 0
654 1457 1062 690
593 1346 0 0
1326 1342 51 25
750 104 628 0
1386 703 514 65
1068 997 0 0
347 1426 629 1502
1337 130 326 1065
1345 1195 89 0
542 549 214 1260
1070 505 76 0
1070 1241 1484 97
557 109 598 0
1540 1306 1218 322
0 424 1391 0
687 1522 482 76
1196 979 204 0
1325 1612 1139 1300
970 1457 1164 870
483 674 1017 413
198 22 329 0
160 53 1579 342
821 1451 50 198
1590 367 133 1588
0 2 854 0
1301 587 1597 350
227 666 1565 0
268 1242 409 141
869 494 0 0
683 286 1467 0
1014 1114 202 848
1262 919 109 1417
0 814 0 0
68 1227 701 1089
1119 806 1076 0
797 807 1333 367
1265 1338 329 0
1330 913 0 0
1266 648 1364 10
1269 1241 1242 174
1123 230 177 1273
659 1259 50 628
1168 1089 60 517
638 1232 279 667
75 680 1159 0
1045 309 369 676
508 1480 826 0
329 1537 731 960
819 491 0 1308
716 207 1509 966
622 541 279 0
206 1271 1330 753
1466 266 638 205
1126 1411 210 0
731 1583 256 1244
0 1376 0 0
1214 1585 905 0
1578 560 311 140
839 808 1218 68
1056 1303 1251 514
597 323 1058 1269
716 573 117 395
616 125 0 0
448 333 1269 0
1228 529 1513 1162
656 485 517 1241
1334 245 0 0
1496 0 259 0
697 689 56 0
2 664 1276 53
1517 839 97 0
1144 1458 1049 0
1501 929 205 0
1005 1197 959 1442
497 935 1045 63
1010 840 1339 0
1501 118 756 1199
1206 1199 422 0
448 423 3 55
579 992 259 1056
229 517 1014 1304
78 1251 75 872
341 1241 94 0
245 144 668 1269
188 71 1303 0
891 48 0 1037
487 111 1172 1568
1541 520 384 0
1204 703 576 1469
676 121 628 0
1501 224 0 0
435 1519 1273 75
1187 1558 848 57
1121 1269 666 0
398 1327 125 1118
1105 126 856 0
234 725 134 367
55 994 1419 169
85 882 257 165
245 811 0 1232
9 73 337 0
357 757 1540 329
97 1273 537 814
753 234 252 0
1604 1193 537 0
701 819 60 0
921 1356 236 543
1306 1056 1397 0
954 648 16 1066
1228 1597 252 0
994 889 1213 821
1263 96 965 216
756 830 443 0
317 514 1188 426
1 0 0 0
1209 1291 927 1480
872 872 421 908
13 1347 897 70
140 60 1122 0
894 671 2 230
1036 1252 1072 0
71 1297 426 593
1261 1377 329 8
95 1241 856 0
531 886 58 0
650 1455 520 0
676 80 1016 152
1098 1089 0 0
341 298 1135 0
1263 198 169 1338
1199 182 406 514
386 487 997 0
722 1306 1501 0
786 517 1303 0
979 1188 1338 0
310 483 241 1592
405 598 0 0
117 50 823 0
514 534 274 0
515 988 1324 0
676 128 560 127
1045 1325 976 0
1601 1265 847 0
186 706 1072 1350
1384 1126 75 1036
1089 681 491 632
84 587 1549 279
311 1579 763 912
1309 1183 1149 99
55 1344 18 0
978 1136 0 0
1603 1524 663 824
491 400 1276 415
1167 400 949 789
814 539 1304 0
403 187 1142 595
1137 1526 44 0
1546 0 0 0
28 393 0 0
934 1219 1294 117
663 859 133 0
48 502 0 0
868 497 205 0
253 792 0 927
1397 104 0 514
338 870 1501 405
1530 1263 124 0
56 61 847 0
1106 913 1527 1560
221 687 155 0
1149 1524 1003 299
1034 1228 104 1218
919 857 966 152
1436 0 0 872
1300 1056 1308 2
254 12 0 0
1092 122 759 352
1206 1500 886 186
1500 127 757 0
435 642 341 485
128 1175 0 482
703 350 152 0
960 1397 838 1241
105 123 1183 1014
317 1521 1338 0
602 330 0 0
1470 805 496 0
1488 1129 0 0
127 1201 1411 0
996 856 573 1317
0 1257 1323 0
0 847 10 0
10 54 1453 138
1565 1213 251 0
514 858 1457 0
1546 1303 1241 0
846 305 0 0
708 133 238 708
423 522 65 140
1139 6 1141 987
800 933 0 0
1137 172 367 76
467 1492 821 0
853 171 631 435
436 1252 345 8
215 277 1179 1467
1206 84 1570 504
1030 854 350 1244
583 370 235 202
1343 1080 204 0
571 1070 0 1164
245 1077 0 0
1213 7 1412 0
1310 1403 0 0
551 394 423 897
144 18 1599 0
26 1248 501 682
85 1573 1153 0
39 93 75 0
1147 138 497 1135
1223 907 1440 1
599 0 0 0
385 437 348 0
1122 134 526 316
608 1201 1066 696
1403 73 1251 0
537 1500 0 0
10 769 319 0
642 1568 245 514
245 147 1581 0
1236 1231 301 1162
452 50 75 0
111 185 1307 79
670 813 0 1240
6 674 1265 245
185 1047 1241 0
1008 73 485 0
1245 497 1241 0
138 714 17 1568
514 152 0 0
1162 275 138 862
435 1241 301 900
861 1037 0 0
1241 872 1080 75
1472 163 826 583
1179 783 60 0
238 1241 668 0
487 587 0 0
609 1551 1252 0
56 30 0 1386
1244 663 1409 1530
367 573 573 183
950 720 335 0
1016 1162 1540 0
589 1391 887 1118
0 1241 0 0
1348 205 6 1291
998 1002 772 1517
306 1095 614 602
123 417 1202 1258
912 91 1041 1096
111 856 1330 960
964 1530 1143 0
1173 452 104 1246
1252 1612 60 1530
1468 7 57 602
1149 0 681 0
636 274 252 1118
175 1241 0 574
690 305 965 753
1201 1138 666 0
487 329 966 50
900 1005 1565 639
1413 1241 222 0
1503 683 1172 0
1327 690 238 0
1444 928 360 0
507 856 534 1239
545 1123 423 1546
214 874 121 943
1551 231 73 435
1228 1531 1474 668
10 915 435 968
514 764 0 0
676 1118 223 0
1203 403 1353 0
36 625 99 7
574 856 921 0
661 1338 275 0
0 676 0 0
1317 1602 0 1344
215 1482 127 788
756 779 0 0
41 1068 76 0
128 1480 0 0
348 794 1205 849
1273 690 133 73
1232 762 0 0
1399 1126 199 632
980 1116 1251 943
789 1334 1251 0
934 894 742 367
872 1278 1303 0
836 350 1241 1516
329 178 929 1114
1219 1450 159 1089
518 209 1106 343
79 102 1 0
0 1246 0 151
117 590 1143 60
1048 0 900 0
84 882 182 0
171 518 1166 1154
552 276 244 0
1336 1279 424 514
826 727 0 0
690 1246 329 625
805 1457 865 1540
1326 93 1530 1052
54 0 165 0
0 0 0 0
1143 1248 788 0
1036 557 870 843
383 185 1304 839
139 209 597 99
81 1423 216 712
849 912 501 0
1292 608 1234 1241
189 1201 6 245
521 1307 1496 0
202 92 862 90
1118 960 0 0
1248 266 676 0
642 79 426 772
260 1020 0 174
189 988 530 308
988 219 164 739
1386 0 0 0
1411 942 1246 18
293 29 1431 357
8 12 870 1244
233 1291 0 0
413 92 53 1331
572 1516 1590 252
57 408 1540 1344
1045 743 716 90
117 279 489 234
1019 515 369 0
1045 0 25 657
80 1313 1107 981
789 38 522 971
994 1303 1383 1356
1528 1241 141 882
423 1568 868 127
1438 663 1070 1582
935 487 152 0
60 797 1530 722
663 206 701 1344
126 671 0 0
1148 46 414 107
1201 256 1014 205
805 25 0 94
131 214 716 659
669 1077 746 57
848 1308 0 158
285 577 254 1241
848 1072 254 0
213 953 73 1315
344 1098 256 1474
0 988 13 0
48 1241 215 0
660 367 235 221
52 1329 841 0
79 544 566 966
0 0 0 0
1291 1466 795 1165
43 1603 70 193
1498 1241 0 0
607 1066 938 1026
682 95 971 0
1501 286 552 514
846 1041 375 97
670 499 905 847
106 95 202 0
1118 427 0 0
1375 839 0 0
921 1096 731 1060
1269 5 872 0
1374 367 0 0
127 573 1344 0
479 897 311 522
1317 1422 1072 0
75 467 882 0
0 0 140 0
1364 436 0 1164
681 253 116 796
1548 0 1123 0
1143 0 590 1148
206 360 971 221
125 435 847 0
1241 1517 344 637
670 932 1143 1496
29 971 158 0
241 1588 1307 368
114 692 800 1143
92 138 215 0
73 565 60 497
207 1265 0 0
1067 308 861 0
855 167 756 55
966 185 299 704
1530 1076 1419 0
1397 1540 0 0
978 593 1332 0
967 1397 165 1303
1531 324 857 0
1568 966 1012 320
0 231 1494 0
1464 1066 1213 0
1440 150 1520 313
618 1094 626 0
1246 792 1474 1501
119 1002 978 65
882 1047 497 80
262 221 0 1016
51 87 1269 0
1 1273 1431 0
105 1397 605 202
566 211 1187 252
38 0 0 0
499 1258 1405 762
1314 117 138 0
25 1209 1291 56
292 611 1241 477
714 350 684 514
217 1564 0 0
42 826 1246 0
268 1038 10 756
303 728 1269 663
209 54 352 238
573 1304 222 1291
1248 701 1303 0
9 514 0 0
1257 1174 1364 0
1232 847 121 0
1364 1344 1241 856
348 1607 0 0
1013 125 1118 905
1546 1089 690 0
1232 848 1418 1241
1153 539 187 1269
1119 517 251 690
1553 89 79 0
1162 54 1376 406
1159 232 1295 0
507 226 209 687
1403 337 0 0
479 224 500 1229
230 554 235 138
1145 362 274 254
124 215 1070 0
944 65 426 81
71 1389 138 60
991 324 961 712
223 147 1243 92
634 348 868 0
1303 1325 180 0
125 320 781 0
716 587 1228 836
1009 1419 0 1347
1115 1047 87 666
1309 423 239 0
127 955 1419 0
140 0 0 0
1235 1551 848 166
1445 147 897 555
20 480 772 579
971 1602 917 0
1136 30 0 1016
756 214 138 0
699 891 1232 1077
590 279 566 1077
61 102 158 698
668 0 720 1027
1376 1484 1467 0
1048 1232 1123 1518
773 12 361 689
847 554 0 0
86 682 0 0
2 549 1153 182
292 125 1468 73
1551 1364 1461 0
1028 76 221 0
158 1402 238 1604
1463 236 317 663
701 721 600 337
1110 271 1244 0
1527 238 1041 126
846 637 25 0
126 125 796 762
1530 491 177 0
26 451 1464 0
872 1173 1516 0
670 531 1376 151
159 1192 458 18
431 30 1461 0
1241 1232 152 0
676 7 1391 0
1228 423 593 241
1190 140 1391 503
117 815 99 0
847 1319 1062 0
727 1258 411 0
125 701 0 0
1059 1417 857 687
152 1207 1347 0
107 1226 94 1265
691 1442 970 533
279 491 849 0
623 947 121 0
1241 1315 86 1291
1531 882 109 0
1364 786 1467 0
1488 1077 762 0
1056 986 690 772
70 1335 0 65
1356 529 305 0
1498 841 899 10
905 1094 1151 0
1565 868 147 593
1117 1017 1123 904
676 1464 574 0
628 224 872 0
45 547 1412 0
1085 1143 792 1313
628 88 212 90
73 623 279 1334
1602 820 1090 0
169 208 0 0
798 827 1473 681
602 75 1077 214
687 1260 367 1070
378 863 17 836
1291 87 848 1291
897 189 111 633
824 1535 75 251
0 158 102 0
491 218 1542 1436
732 56 80 896
814 541 1409 0
1303 49 996 1298
436 547 696 50
1549 515 1218 1036
71 317 0 0
482 642 183 761
522 317 1176 1048
699 50 183 117
427 0 0 0
93 76 1265 0
779 544 1534 0
1123 889 254 757
893 1241 870 0
89 1366 0 0
65 1509 1023 0
1133 1582 1233 384
193 1241 186 0
887 1187 1317 95
97 144 280 1058
1026 155 1246 0
148 128 338 80
93 171 0 0
146 223 105 0
738 688 75 0
546 485 211 0
704 988 1451 0
972 1162 0 826
153 135 1248 0
1327 560 484 0
847 670 1251 61
1167 283 625 990
839 712 1107 0
307 1516 0 0
162 742 54 1240
1308 508 1067 1214
1041 1338 497 1602
258 1458 246 275
538 1207 770 13
1251 826 178 1232
1046 393 6 676
29 1581 1463 0
1565 599 274 0
0 341 0 0
13 168 182 0
102 3 1070 1228
1257 1080 969 1006
668 1463 54 405
1524 816 544 979
1125 1553 1146 0
1329 186 599 1178
710 411 1162 252
574 764 0 0
8 897 1036 0
259 1017 208 2
704 18 0 0
537 1480 26 632
943 164 158 912
286 1521 1321 0
522 770 1520 655
1344 1501 1564 25
1268 233 10 0
116 600 48 0
256 0 0 14
1353 0 75 1347
1307 109 1537 690
337 1126 80 1160
17 30 0 0
51 1290 120 0
109 1560 1206 849
1089 118 805 0
691 746 367 762
94 633 514 0
94 216 61 0
140 1232 426 1123
806 1045 1164 1466
932 499 1391 1241
1386 497 793 753
1079 1358 121 790
994 1481 532 0
1488 872 95 0
1449 791 13 0
1086 1067 187 0
1581 1123 1096 0
837 329 0 0
400 1361 846 971
665 1566 539 134
593 788 268 0
253 5 846 1241
1549 324 61 1427
676 1140 971 1559
1056 523 496 173
414 1123 976 1457
645 0 676 0
1375 1375 1602 0
497 482 838 819
13 1072 1248 0
1329 176 4 39
670 71 1036 0
626 1537 1232 1251
663 1471 485 717
707 1347 905 515
11 685 775 102
1410 698 1277 0
73 1045 0 1241
981 1228 89 0
118 5 55 1304
1125 1036 0 0
293 201 3 0
1598 74 58 127
712 1541 0 0
682 303 16 0
165 1293 79 122
973 1114 109 609
398 710 861 0
80 17 1602 1376
128 804 1426 715
730 408 1135 0
354 1386 0 0
422 1078 138 944
1376 165 14 0
1066 1599 1 0
1590 0 0 0
1036 1521 41 0
739 569 1099 1123
1439 116 343 0
222 1206 202 0
191 840 929 1056
1179 367 253 0
855 197 0 0
1251 722 165 0
1 826 1330 1516
95 1329 0 0
1174 1440 1045 0
1400 887 257 1329
1135 1289 182 734
70 116 1246 0
435 424 1036 0
292 1551 1252 121
1135 92 1338 253
954 484 1334 234
613 0 1241 0
796 1178 14 0
532 206 1492 592
733 124 1203 245
247 897 0 0
1114 80 1061 0
1100 0 1464 0
0 0 0 521
427 547 73 0
758 121 883 1537
133 701 1476 1143
1162 275 726 246
1273 991 1164 686
1600 85 61 0
1061 894 1241 73
788 1199 916 329
681 1223 1339 30
25 1257 44 1232
13 102 1397 79
65 1260 1500 0
199 1100 215 20
813 1300 79 477
133 227 0 1228
1550 1011 258 212
1251 1546 701 0
1331 476 274 120
0 762 1037 0
171 762 234 259
274 1232 0 352
691 198 1423 1492
1123 1056 953 0
544 305 135 0
55 1041 1296 0
1143 670 505 0
169 1352 61 82
809 1241 1535 404
406 262 481 138
123 189 218 0
730 1494 308 1312
0 51 665 663
388 830 681 856
0 848 0 0
1202 350 73 1026
1226 687 422 688
1611 307 343 1612
763 978 690 0
213 118 1602 0
680 286 178 73
1168 102 279 116
1582 247 144 61
1131 23 347 1483
583 997 1046 725
1159 751 1589 169
722 1089 994 0
354 1565 1077 0
1531 836 1455 0
1118 847 0 0
198 849 504 0
508 1241 295 0
1241 1129 16 1468
241 60 1227 411
474 980 557 1187
426 1383 152 0
718 405 1232 0
497 966 71 1016
124 161 384 65
169 1075 111 701
1251 615 858 0
298 923 966 0
1390 1077 1255 887
1031 1516 1293 0
1502 1042 790 352
73 664 384 102
359 683 532 514
979 246 916 71
1373 133 1123 0
1226 913 30 681
296 1232 712 1080
1121 452 690 1199
1437 1096 248 817
689 899 0 0
541 1049 131 130
904 1023 393 10
18 1232 1542 0
152 1338 1598 412
811 1127 0 1241
240 168 764 431
639 0 1030 599
514 0 0 0
981 1342 14 0
144 849 57 0
965 99 1507 981
202 92 1070 848
329 254 0 53
505 57 869 1085
159 502 1123 826
385 126 493 0
477 178 0 0
124 999 780 0
1540 1553 876 198
465 753 1581 1241
337 1501 1428 1089
838 690 1328 978
1477 80 109 954
1372 0 0 0
1265 1480 128 1244
531 823 1070 1164
517 301 1531 1501
1528 717 51 158
403 1080 676 0
527 75 1338 0
322 254 1247 221
411 1546 831 0
274 555 113 696
89 1240 859 0
15 9 1455 25
308 127 1240 1501
10 234 482 848
1303 58 147 0
319 128 0 1045
536 592 152 1472
1315 559 432 684
124 0 0 0
385 1241 1246 1467
986 84 466 117
872 674 178 1007
467 601 788 0
30 247 1260 0
1485 1143 0 75
628 1242 583 1241
1014 894 0 0
703 1011 1080 1246
279 427 0 0
1206 1343 1241 0
676 487 57 0
803 1606 894 1077
311 266 1010 1257
1451 436 322 0
56 1012 7 54
65 469 0 0
1350 1028 291 1089
1200 70 1155 0
445 125 962 1123
212 964 1507 1005
674 93 1506 615
785 1065 800 1276
219 1265 517 757
275 671 1344 1251
286 696 537 0
209 826 90 259
1268 199 89 592
1558 390 0 0
932 1295 1454 1159
0 1232 1 0
541 628 505 352
596 9 1014 537
352 182 1441 0
1123 1513 225 0
1291 436 505 1587
924 1394 13 1228
849 840 1597 0
1326 1253 411 1570
687 29 9 805
0 93 0 0
280 1597 1206 1123
335 56 1218 1246
691 139 988 0
929 424 1231 514
381 997 1269 839
1029 744 595 1262
37 129 1344 0
921 1225 581 1383
75 617 583 0
935 1522 1501 1311
1295 1519 213 1303
164 381 0 0
124 579 14 178
405 375 582 0
183 1303 734 0
1315 905 595 0
8 405 690 1077
1 9 138 0
247 632 657 837
1291 510 62 0
316 0 847 0
519 1355 21 20
676 1309 1269 0
1114 1231 213 352
20 84 120 413
1463 1411 1213 785
429 1530 1603 574
1276 1272 61 0
182 1066 1104 152
305 532 1258 405
461 1089 1164 0
337 734 0 0
1377 1004 698 856
1143 504 1500 0
433 1463 0 0
1261 153 474 1165
668 792 717 0
1023 1052 1464 1241
386 561 254 0
1308 1151 847 1241
1566 1006 661 1602
1384 51 182 1231
929 1063 1080 0
209 1126 0 0
940 152 50 0
174 1041 846 411
1106 1344 829 0
689 633 133 0
235 1168 1492 0
1551 274 275 0
1241 1164 1238 0
1306 85 1540 0
1066 514 839 878
215 95 0 0
266 1260 14 525
560 1026 1330 713
1123 1173 487 123
0 85 0 0
1089 1206 1330 0
151 89 632 0
514 714 202 0
1241 183 265 0
6 128 317 151
1227 257 187 41
193 1391 0 0
1495 789 116 0
1334 1228 285 0
1153 1303 1364 0
731 75 762 0
54 116 0 0
731 1331 1338 0
405 1244 218 1089
1503 627 435 270
216 1495 1121 0
227 237 48 235
1519 872 169 0
779 286 1172 0
75 405 55 1396
14 467 17 1263
997 1206 673 213
361 1540 107 1276
995 491 1347 897
566 1222 84 0
157 1329 657 238
1433 431 316 514
560 636 124 0
95 859 1232 0
138 1246 1371 254
1573 1327 1077 1366
75 1269 0 1187
363 111 1386 1513
541 883 1012 122
247 758 978 0
318 997 1441 0
383 849 0 1077
517 1350 712 0
1590 1589 0 514
552 496 55 1058
482 978 1540 0
0 0 0 0
1164 537 1468 0
623 1251 792 0
394 73 140 126
0 30 0 158
186 734 956 560
109 386 614 75
1149 504 1164 71
783 1246 0 0
95 193 1201 0
1515 1597 978 79
1376 485 583 0
716 1017 824 0
0 1426 94 0
940 367 1363 0
1257 1338 147 0
1213 1152 257 1603
175 734 732 0
1199 608 111 1126
111 85 709 0
93 1085 530 0
373 317 1469 0
253 814 116 350
73 756 308 0
1516 991 73 1251
56 30 0 0
508 882 1228 0
54 0 254 733
1165 308 373 0
824 1241 717 0
358 1470 158 0
1334 1356 269 0
910 1000 1310 126
388 245 237 0
122 214 1348 0
0 0 394 0
358 0 0 1344
341 337 487 0
321 0 0 0
857 932 1058 0
357 1147 1140 3
483 1036 485 1213
181 246 147 1291
662 927 1376 1376
0 739 0 0
979 368 0 0
1113 653 1171 1164
1583 867 231 1041
94 136 1041 0
913 830 1139 0
238 121 466 0
1353 206 1173 1500
1361 1598 1258 1358
1470 874 966 0
768 1164 337 0
1236 1331 1301 943
127 411 508 79
521 0 0 1386
117 713 582 0
140 1272 1426 10
940 1319 1581 0
1441 671 431 0
61 1585 97 0
792 1479 1251 510
1058 670 124 12
525 275 0 1265
1364 1072 358 1561
221 1246 245 0
6 141 504 0
1056 807 13 819
1097 756 999 1006
856 0 0 0
1307 29 58 1077
1241 80 0 0
1540 162 0 0
1251 1599 994 0
1087 0 971 0
55 0 0 0
84 30 1339 0
3 1261 1566 1174
214 706 1551 274
305 727 580 0
1201 1246 1232 341
839 650 856 3
104 90 579 0
1445 690 774 75
1344 1206 157 0
182 747 1164 966
1296 431 436 0
118 1073 0 0
1601 841 505 0
413 1102 252 0
1312 1311 517 0
1211 732 645 138
17 687 626 95
305 515 341 0
194 338 0 0
1568 21 75 1241
932 594 165 0
0 0 1167 1241
1266 927 405 1258
734 238 824 0
179 0 533 0
1143 301 1265 235
662 1102 42 880
1336 84 247 61
675 1455 0 1241
868 91 1026 53
690 1582 962 496
0 0 0 0
178 1291 70 1406
1251 178 0 0
158 1373 20 0
487 95 474 580
288 32 48 61
514 428 701 451
522 485 1126 80
87 706 1089 0
1117 141 1241 0
427 574 1300 739
899 1410 124 1330
1098 178 158 0
93 1575 1139 905
216 1441 152 428
1395 252 825 0
147 1308 1269 0
0 1241 0 0
927 1333 701 0
569 1347 454 1019
543 409 61 1273
1451 213 756 1337
0 1602 0 1228
367 272 649 987
482 994 913 711
966 540 0 0
696 1366 329 1612
196 110 491 1303
1403 0 0 0
1303 796 0 0
1041 155 128 0
1423 1487 671 1215
1560 1162 1016 0
1159 302 824 773
1411 0 0 0
3 501 86 0
27 1321 1385 1213
960 997 971 1132
221 1215 1148 322
1411 175 1303 231
986 598 10 1241
16 859 75 1143
8 1517 1130 0
1500 235 621 792
1446 1136 187 1162
6 354 1246 929
1369 1258 532 0
720 50 126 0
870 362 128 663
450 73 1008 0
390 892 1080 0
1202 812 1334 1186
916 1516 1000 0
90 53 1581 0
1376 585 1258 0
697 900 508 1334
970 218 994 1246
1473 556 897 595
360 672 4 0
623 1251 11 0
299 1030 0 0
305 252 1540 1530
227 1389 1228 1329
1540 1121 568 427
152 286 13 0
800 1126 116 269
1319 521 202 602
522 1500 1356 953
1264 222 87 0
0 1232 0 0
1217 842 1149 0
676 1376 714 845
842 1395 836 566
676 370 545 0
525 1066 1251 517
1232 1246 1123 0
1058 417 1242 1036
308 1201 1583 56
1315 1164 0 0
303 1463 0 0
20 893 0 0
1383 183 1242 0
1273 1199 344 687
411 846 1066 320
92 1463 147 0
1065 1175 1032 969
222 514 574 1597
1261 1546 0 0
202 7 1527 574
1385 676 435 0
0 0 305 0
568 758 1565 1135
240 147 747 1611
76 515 255 0
1420 1602 215 805
1303 18 525 514
861 1255 89 1004
164 471 1242 0
1463 98 75 981
1325 1551 221 689
891 0 0 305
1260 1066 0 712
1244 395 1530 0
123 505 1603 0
111 1241 337 1241
0 1241 0 0
178 560 1302 99
519 330 92 1407
1199 0 0 7
839 1257 100 0
916 1243 1468 731
1251 2 0 0
1218 904 514 0
1379 338 1302 1241
94 1252 450 1251
413 590 0 814
218 1017 214 868
988 0 0 0
1273 1148 726 0
79 1257 1265 437
505 1126 329 0
1614 1201 385 311
1613 1235 300 35
497 311 61 815
854 608 1459 0
1480 79 514 0
1114 133 61 0
367 475 111 0
788 128 0 174
274 0 0 0
1110 1256 826 979
435 607 822 0
128 1429 0 0
205 50 0 0
476 118 0 0
1244 85 1337 0
1288 579 431 128
613 1061 0 216
279 1469 970 981
1358 122 321 491
694 1137 1603 0
768 1612 14 935
670 0 30 0
1063 1176 102 0
73 79 1143 0
1232 167 169 0
666 144 0 670
1218 59 405 1075
895 1501 152 0
218 646 529 1019
1451 357 866 75
1451 71 539 0
131 58 367 1195
1197 846 1564 212
821 274 609 0
213 1330 486 734
1457 102 922 0
1474 560 1243 870
484 71 497 756
1250 211 0 0
956 927 968 1443
337 672 0 102
425 1014 1144 0
1197 181 1091 1375
618 1016 1261 1441
1423 75 1453 1
1104 1273 1210 1257
12 234 345 435
487 529 675 0
1577 124 1303 70
1025 235 504 532
111 1501 153 0
1490 1601 1526 169
1013 425 60 0
1126 0 1347 0
159 494 1257 966
75 1491 1058 1235
113 315 423 367
1599 803 1066 683
1050 891 252 1434
1096 525 1402 1337
65 348 54 1066
713 932 263 14
619 1518 1508 1496
522 713 712 1246
800 595 943 0
521 847 1077 0
88 254 37 602
1031 84 1307 306
1312 847 400 0
0 0 814 0
461 187 1389 0
1067 582 882 95
316 579 0 0
1603 84 1084 1203
1308 1164 1251 0
1467 945 87 0
318 788 73 671
1202 291 1303 663
632 158 716 0
1238 287 543 291
848 1241 426 126
213 871 642 1597
172 426 0 1540
971 1484 1607 905
1488 1241 342 1597
597 57 514 0
1135 482 1105 426
1208 192 1241 0
487 475 826 85
1241 1261 1530 209
326 645 521 0
1016 0 0 0
1488 1538 1228 95
1330 125 254 75
1164 62 1168 0
595 188 0 0
876 1338 253 286
911 1613 1431 406
1141 1164 1132 111
1030 252 1079 915
689 1261 230 0
38 213 1328 0
274 212 897 0
1149 856 1033 0
411 427 144 0
10 435 886 0
1232 803 1187 1467
485 25 698 788
183 111 687 0
1293 710 316 0
259 1246 75 0
1019 75 1164 0
644 915 496 347
602 839 869 0
80 68 1148 978
978 367 99 0
690 205 1480 0
350 51 1517 514
1481 48 274 0
480 10 124 1232
0 0 0 0
1083 218 919 624
9 795 537 0
553 1132 772 1303
1026 929 1376 0
701 127 73 522
676 1347 0 0
882 1397 1241 1114
417 165 954 1095
213 1213 452 0
1565 215 0 206
717 622 582 298
690 896 595 1248
0 158 0 0
0 1376 0 0
751 1240 198 1240
9 1206 461 1240
1505 1074 1060 87
426 120 30 574
1215 1135 1123 506
1316 199 579 0
505 600 0 0
576 241 1595 934
254 1488 971 0
1459 599 1612 422
1063 423 291 731
13 5 1357 257
93 1246 0 0
1461 245 1133 0
978 154 497 0
1162 55 95 0
245 337 514 1206
218 822 179 51
905 721 550 0
1074 67 1376 0
1385 0 0 0
107 1599 73 0
577 862 56 1205
0 0 0 1467
960 1252 763 0
215 636 1376 1346
111 147 125 435
1413 0 0 0
778 73 737 1054
663 1123 1397 198
1359 919 187 1463
1496 715 0 882
75 514 1500 1592
1023 1438 127 0
605 1143 0 0
731 731 0 0
125 1464 1164 61
722 368 1364 1254
3 792 1448 1246
1159 1228 51 821
1347 1448 1609 109
279 928 0 0
128 87 109 2
847 1251 0 0
599 782 0 0
121 1433 749 277
988 352 1241 726
1597 931 251 1206
0 337 1123 0
279 704 73 618
1451 1441 1601 497
712 1472 1530 337
215 0 905 1338
1338 1409 1364 0
1153 753 346 0
182 344 1321 113
969 158 938 0
5 986 0 0
1162 1267 1058 0
152 1162 1443 0
256 343 362 424
259 721 10 0
1314 61 251 0
1301 6 505 0
1531 1014 0 0
257 486 1292 304
886 459 1178 0
169 1590 186 203
1389 245 0 1052
246 30 212 1419
144 932 1304 75
889 1500 9 770
902 512 143 254
0 1331 10 0
695 281 954 0
996 238 99 0
535 623 411 690
872 1373 135 0
251 1045 1445 1243
1246 1310 215 502
436 0 0 0
102 1429 1307 800
64 664 290 1228
800 0 935 75
1041 4 26 151
1585 756 345 1123
1305 496 1481 344
535 1337 1559 361
1149 601 212 0
160 510 55 0
1251 1545 308 1268
1096 505 107 1242
1143 1164 912 158
80 305 274 668
367 1376 645 222
905 1328 1218 819
298 600 423 138
583 320 102 152
44 322 1269 0
882 370 917 0
1331 605 1045 411
763 886 0 0
503 960 125 0
1582 590 87 16
0 0 121 122
773 0 792 0
214 839 1257 849
1363 1325 1086 591
1334 753 178 0
109 1590 599 670
712 471 891 0
467 514 682 0
712 848 0 0
814 912 0 0
1229 1518 1167 158
80 1413 1164 0
572 0 0 0
886 50 687 165
1065 124 427 307
158 1396 930 1368
1023 704 1291 1251
706 1227 1006 1124
1558 120 1201 0
1460 73 487 760
748 674 80 121
117 412 905 0
1004 1299 361 1421
75 884 1092 0
6 1265 119 1268
339 1211 278 891
963 1376 1213 1241
0 712 0 0
674 593 951 0
236 1541 296 1542
696 1464 341 159
24 838 1241 120
732 168 193 350
824 766 88 0
456 554 1470 0
570 848 1149 0
80 1221 1143 0
96 1366 1261 658
623 1478 912 0
1559 359 204 30
0 1246 0 0
1464 86 941 1213
1468 868 1231 0
846 75 1556 0
517 464 1463 642
663 613 91 448
169 1058 124 61
966 742 969 1234
1461 997 279 1469
810 78 84 0
1530 663 637 1417
1603 527 0 54
819 1199 870 510
405 1190 1613 0
1016 1304 82 0
138 494 0 1314
127 625 1107 0
151 277 1354 980
690 168 68 1602
525 1111 422 92
99 1558 14 905
160 108 282 1298
305 29 75 913
819 92 670 0
1581 1136 0 0
90 1232 937 0
1246 998 1119 0
1544 75 1152 1246
235 595 320 740
646 386 1480 544
277 182 980 1500
1255 1035 837 886
836 659 0 0
0 0 1419 0
1164 99 0 0
394 731 976 1143
1501 789 1269 1522
814 53 525 1246
1174 274 168 55
187 326 288 514
18 241 1319 1241
729 2 1142 1265
465 1261 206 0
352 221 1602 1123
1019 18 75 858
598 286 279 79
435 1071 367 0
1266 632 92 0
880 224 1232 497
279 848 123 0
1246 952 0 0
846 0 0 0
898 49 1252 122
1172 1520 1221 75
900 1338 645 0
541 14 514 413
872 1480 1231 0
643 1251 819 0
133 1318 79 0
301 301 1112 124
25 29 713 0
1384 8 109 1286
1036 1496 117 0
0 1246 126 0
500 659 979 0
116 668 13 0
0 0 1204 0
222 1401 350 0
1165 92 429 0
134 999 1019 0
1435 1162 0 93
635 928 343 0
1039 1266 1405 0
246 122 968 94
810 735 8 44
300 706 587 58
1105 1077 720 1252
1246 1497 413 0
796 405 939 0
18 0 308 1601
1453 110 1218 1265
1089 231 612 1265
849 385 1251 0
1085 0 1149 0
1142 1342 411 1515
217 151 1202 89
900 851 253 1251
1241 1068 93 0
523 1601 716 1417
1267 10 110 75
1279 118 632 0
891 836 345 0
584 99 1233 1155
1083 1364 698 1462
451 1391 17 1095
165 194 979 461
152 1571 279 84
686 1016 398 0
75 56 1243 0
59 258 1273 1232
122 1496 92 0
317 1205 26 0
238 555 872 0
1070 1330 848 1307
938 305 0 0
521 1232 969 1123
491 106 1402 1344
531 1531 668 872
87 497 309 1265
952 217 757 0
1465 1214 974 1517
699 572 1166 73
375 574 116 856
152 773 1315 1123
57 943 54 0
1291 341 0 1344
469 117 193 0
320 1540 717 663
140 214 1505 311
1080 721 0 0
1363 426 0 0
308 10 653 550
0 0 0 0
826 259 514 75
1465 267 121 952
253 1480 1140 0
7 415 375 0
1164 0 0 0
386 1368 687 0
1173 966 0 215
1093 1317 675 126
128 189 158 1077
890 1347 0 809
959 252 1324 1302
1154 1185 1248 0
1135 1451 177 0
1244 1463 1241 0
169 246 86 963
70 1274 1513 87
1129 238 79 1411
1376 345 0 1047
1278 277 337 1602
1261 1303 512 398
406 1500 435 0
62 905 430 1464
354 1096 574 0
18 93 71 0
1309 126 134 95
1347 878 0 0
1457 1147 30 0
0 0 0 0
916 729 1137 344
51 1055 1402 788
125 109 252 1243
10 1564 868 0
1143 169 414 136
1303 234 141 441
1461 1164 76 0
394 0 0 0
1077 992 1066 1541
1477 515 172 234
676 100 0 0
943 535 520 0
1203 0 75 0
431 375 0 0
3 203 1232 57
1171 870 966 0
680 1530 293 0
543 231 997 1316
1006 1155 0 0
99 590 974 919
927 1121 1344 0
1322 1096 796 0
116 359 1 0
798 1174 0 0
543 303 777 1027
740 1480 1089 0
307 88 1307 0
448 1246 1123 1037
122 1376 1329 54
1409 30 50 0
1056 1123 484 102
218 228 411 870
50 48 1565 0
189 152 116 1597
319 20 1141 555
1258 1241 537 1308
1182 1014 0 0
0 212 514 0
0 94 1338 0
1321 93 1376 1480
0 0 0 0
208 223 1565 1501
882 39 1338 0
823 1309 680 1201
379 465 333 985
1530 485 491 1070
54 1079 56 1241
0 1179 0 0
905 613 0 104
924 1571 1045 14
563 1527 515 0
1232 352 897 756
269 102 1126 0
1041 0 1516 54
58 794 477 1129
1320 988 1301 912
94 1303 0 0
0 0 0 0
191 1162 810 238
274 280 384 76
699 1438 705 215
75 806 1102 0
406 690 394 0
1241 49 1366 1303
1045 698 252 116
70 1339 109 437
0 253 1467 0
451 34 1041 1026
1229 1005 1503 1085
50 1079 792 701
1461 26 243 721
1287 954 1409 0
1317 1133 1085 1492
1480 295 1037 1441
127 334 370 215
251 683 764 0
1590 344 1596 1292
599 1266 264 8
653 432 553 153
514 9 792 0
1273 0 0 0
1066 681 62 0
839 230 0 0
128 1089 904 1464
16 1380 1364 1232
394 642 7 1451
1356 521 554 681
1135 50 75 92
1035 1104 8 8
1471 1439 1185 1241
256 746 1317 814
1276 1139 1475 354
554 858 0 689
657 1006 1315 487
1048 329 58 65
443 186 1374 0
645 1228 1603 943
1013 849 310 733
935 889 969 0
427 1109 1139 1241
183 71 250 846
1126 505 1258 0
232 632 241 0
1045 970 666 0
517 618 1258 0
0 0 13 0
121 227 1057 270
856 1193 824 0
792 7 722 1330
202 744 539 346
1143 1033 1206 1472
1353 981 814 1246
1055 89 1122 1106
5 663 79 722
1570 872 912 900
313 85 256 0
1411 630 1229 0
1008 122 160 71
1503 929 1039 681
483 398 139 1369
910 1566 1595 429
593 1044 414 178
628 1143 847 643
95 133 458 0
643 664 0 0
1222 0 792 0
838 292 626 0
289 427 1466 704
111 92 70 116
694 147 519 1016
76 574 414 1330
397 849 1531 0
1374 628 691 599
716 832 111 982
730 17 0 206
687 971 0 1026
1347 752 577 0
1246 54 385 663
872 75 1130 378
1516 104 1037 0
1162 7 628 514
1414 787 289 0
547 453 998 869
543 1269 0 0
428 147 1040 75
75 1159 1269 1241
1299 602 1026 1307
0 0 0 0
1524 448 205 76
189 307 238 0
55 1330 514 0
521 777 287 0
1483 691 333 168
1480 1538 0 0
1598 74 190 151
681 756 0 209
1273 1137 308 863
1379 814 51 1584
149 997 1561 1375
152 484 1496 0
548 105 1014 0
13 1380 704 0
479 1504 206 966
1499 735 845 424
893 734 246 13
165 981 514 75
699 1158 231 181
1448 923 158 1175
846 1386 0 0
1241 1509 1019 0
244 1474 405 0
87 1599 26 0
1537 215 979 1152
575 529 1203 0
1085 309 663 0
805 259 517 714
51 1135 2 0
169 253 6 175
164 1276 1565 0
259 530 126 0
1396 1565 1007 0
1350 1530 599 152
1269 1006 50 90
1269 994 1483 607
165 436 497 1395
367 0 37 0
854 363 378 874
537 573 125 140
286 1059 405 1246
1121 308 715 0
912 634 542 474
1425 126 2 668
134 737 1241 123
1237 502 324 644
152 846 0 0
1265 775 1285 760
868 1535 1409 1241
669 55 341 789
337 718 435 0
1203 1323 0 0
905 1527 1085 884
882 1597 0 0
1145 681 595 102
1023 1162 1164 1464
1232 1240 1153 0
325 0 0 0
1603 663 979 1597
457 916 694 1213
764 152 1089 95
1242 1467 1138 0
1164 1229 0 0
1332 333 1231 209
1553 1363 1118 0
1123 800 133 0
144 1565 988 0
178 171 200 1056
215 1153 541 458
605 1269 882 0
1006 514 676 0
202 367 1038 1488
1468 1511 5 1480
704 1251 826 0
252 976 756 342
0 1246 1303 839
218 165 138 0
57 183 1143 0
891 1265 539 0
1090 988 1047 1241
1287 487 522 1419
751 681 339 1530
1248 539 905 0
12 482 562 29
329 1344 628 0
986 1129 0 0
1338 0 0 0
1260 744 299 337
169 800 0 0
538 1403 0 0
687 905 1193 882
485 1241 75 0
1231 517 155 1206
75 256 826 1070
1228 471 198 0
897 1239 504 126
317 1239 1080 0
1036 1337 133 0
1467 716 221 350
393 537 960 0
846 759 590 663
